[[-5.00000000e-01  5.00000000e-01 -5.00000000e-01 -5.91299229e-02
   2.07216725e-02  2.16836735e-02]
 [-5.00000000e-01  5.00000000e-01 -5.00000000e-01 -5.57854413e-02
   7.25365904e-03  2.16836735e-02]
 [-5.00000000e-01 -5.00000000e-01  5.00000000e-01 -5.24409597e-02
  -1.96823679e-02  2.16836735e-02]
 [-5.00000000e-01 -5.00000000e-01 -5.00000000e-01 -3.57185516e-02
  -4.99853982e-02  2.16836735e-02]
 [-5.00000000e-01 -5.00000000e-01 -5.00000000e-01 -3.23740700e-02
  -7.01874184e-02  2.16836735e-02]
 [-5.00000000e-01 -5.00000000e-01 -5.00000000e-01 -1.89961436e-02
  -8.36554319e-02  2.16836735e-02]
 [-5.00000000e-01 -5.00000000e-01 -5.00000000e-01 -8.96269879e-03
  -1.30793479e-01  2.16836735e-02]
 [-5.00000000e-01 -5.00000000e-01 -5.00000000e-01 -2.27373558e-03
  -1.57729506e-01  2.16836735e-02]
 [-5.00000000e-01 -5.00000000e-01 -5.00000000e-01  7.75970923e-03
  -1.81298530e-01  5.21683673e-01]
 [-5.00000000e-01 -5.00000000e-01 -5.00000000e-01  1.44486724e-02
  -2.08234556e-01  5.21683673e-01]
 [ 5.00000000e-01 -5.00000000e-01  5.00000000e-01  3.11710805e-02
  -1.91399540e-01  5.21683673e-01]
 [-5.00000000e-01 -5.00000000e-01 -5.00000000e-01  1.88361716e-01
   7.45937264e-02  5.21683673e-01]
 [-5.00000000e-01 -5.00000000e-01 -5.00000000e-01  1.28161047e-01
   6.78597196e-02  2.16836735e-02]
 [-5.00000000e-01 -5.00000000e-01 -5.00000000e-01  1.88361716e-01
   4.76576994e-02  2.16836735e-02]
 [-5.00000000e-01 -5.00000000e-01 -5.00000000e-01  1.68294826e-01
   2.07216725e-02  2.16836735e-02]
 [-5.00000000e-01 -5.00000000e-01 -5.00000000e-01  1.54916900e-01
  -9.58135780e-03  2.16836735e-02]
 [-5.00000000e-01 -5.00000000e-01 -5.00000000e-01  1.51572418e-01
  -3.98843881e-02  2.16836735e-02]
 [-5.00000000e-01 -5.00000000e-01 -5.00000000e-01  1.38194492e-01
  -6.68204150e-02  2.16836735e-02]
 [-5.00000000e-01 -5.00000000e-01 -5.00000000e-01  1.24816565e-01
  -1.00490449e-01  2.16836735e-02]
 [-5.00000000e-01 -5.00000000e-01 -5.00000000e-01  1.18127602e-01
  -1.27426476e-01  2.16836735e-02]
 [-5.00000000e-01 -5.00000000e-01 -5.00000000e-01  1.11438639e-01
  -1.50995499e-01  2.16836735e-02]
 [ 5.00000000e-01 -5.00000000e-01 -5.00000000e-01  9.80607126e-02
  -1.88032536e-01  5.21683673e-01]
 [-5.00000000e-01 -5.00000000e-01  5.00000000e-01  9.47162310e-02
  -2.04867553e-01  5.21683673e-01]
 [-5.00000000e-01 -5.00000000e-01  5.00000000e-01  1.54916900e-01
   1.85704837e-01  5.21683673e-01]
 [-5.00000000e-01 -5.00000000e-01 -5.00000000e-01  2.08428606e-01
   1.31832784e-01  5.21683673e-01]
 [-5.00000000e-01 -5.00000000e-01 -5.00000000e-01  1.21472084e-01
   1.14997767e-01  2.16836735e-02]
 [ 5.00000000e-01 -5.00000000e-01 -5.00000000e-01  9.13717494e-02
   8.80617398e-02  2.16836735e-02]
 [ 5.00000000e-01 -5.00000000e-01 -5.00000000e-01  2.01739642e-01
   5.43917062e-02  2.16836735e-02]
 [-5.00000000e-01 -5.00000000e-01 -5.00000000e-01  2.05084124e-01
   2.07216725e-02  2.16836735e-02]
 [-5.00000000e-01 -5.00000000e-01 -5.00000000e-01  2.01739642e-01
  -9.58135780e-03  2.16836735e-02]
 [-5.00000000e-01 -5.00000000e-01 -5.00000000e-01  1.88361716e-01
  -3.98843881e-02  2.16836735e-02]
 [-5.00000000e-01 -5.00000000e-01 -5.00000000e-01  1.88361716e-01
  -7.01874184e-02  2.16836735e-02]
 [-5.00000000e-01 -5.00000000e-01 -5.00000000e-01  1.85017234e-01
  -1.03857452e-01  2.16836735e-02]
 [ 5.00000000e-01 -5.00000000e-01 -5.00000000e-01  1.81672753e-01
  -1.34160482e-01  2.16836735e-02]
 [-5.00000000e-01 -5.00000000e-01 -5.00000000e-01  1.78328271e-01
  -1.64463513e-01  2.16836735e-02]
 [-5.00000000e-01 -5.00000000e-01 -5.00000000e-01  1.78328271e-01
  -1.94766543e-01  2.16836735e-02]
 [-5.00000000e-01 -5.00000000e-01 -5.00000000e-01  1.85017234e-01
  -2.25069573e-01  2.16836735e-02]
 [-5.00000000e-01 -5.00000000e-01 -5.00000000e-01  1.78328271e-01
  -2.48638597e-01  5.21683673e-01]
 [-5.00000000e-01 -5.00000000e-01 -5.00000000e-01  1.88361716e-01
  -2.35170583e-01  5.21683673e-01]
 [-5.00000000e-01  5.00000000e-01 -5.00000000e-01  4.86020579e-01
  -5.67194049e-02  5.21683673e-01]
 [-5.00000000e-01 -5.00000000e-01 -5.00000000e-01  2.88696164e-01
   2.22741875e-01  2.16836735e-02]
 [-5.00000000e-01 -5.00000000e-01  5.00000000e-01  2.18462050e-01
   1.92438844e-01  2.16836735e-02]
 [-5.00000000e-01 -5.00000000e-01 -5.00000000e-01  2.18462050e-01
   1.62135814e-01  2.16836735e-02]
 [-5.00000000e-01 -5.00000000e-01 -5.00000000e-01  2.08428606e-01
   1.28465780e-01  2.16836735e-02]
 [ 5.00000000e-01 -5.00000000e-01 -5.00000000e-01  2.01739642e-01
   9.81627499e-02  2.16836735e-02]
 [ 5.00000000e-01 -5.00000000e-01 -5.00000000e-01  1.98395161e-01
   6.11257129e-02  2.16836735e-02]
 [ 5.00000000e-01 -5.00000000e-01 -5.00000000e-01  1.98395161e-01
   3.08226826e-02  2.16836735e-02]
 [ 5.00000000e-01 -5.00000000e-01 -5.00000000e-01  1.95050679e-01
   5.19652305e-04  2.16836735e-02]
 [ 5.00000000e-01 -5.00000000e-01 -5.00000000e-01  1.95050679e-01
  -3.31503814e-02  2.16836735e-02]
 [-5.00000000e-01 -5.00000000e-01 -5.00000000e-01  1.88361716e-01
  -6.34534117e-02  2.16836735e-02]
 [-5.00000000e-01 -5.00000000e-01  5.00000000e-01  1.91706198e-01
  -9.37564420e-02  2.16836735e-02]
 [-5.00000000e-01 -5.00000000e-01 -5.00000000e-01  1.95050679e-01
  -1.24059472e-01  2.16836735e-02]
 [-5.00000000e-01  5.00000000e-01 -5.00000000e-01  1.11041908e-02
  -1.50995499e-01  5.21683673e-01]
 [-5.00000000e-01  5.00000000e-01 -5.00000000e-01  1.98395161e-01
  -1.50995499e-01  5.21683673e-01]
 [-5.00000000e-01 -5.00000000e-01  5.00000000e-01  1.44883455e-01
  -3.98843881e-02  5.21683673e-01]
 [-5.00000000e-01 -5.00000000e-01 -5.00000000e-01  1.38194492e-01
   2.39576891e-01  2.16836735e-02]
 [ 5.00000000e-01 -5.00000000e-01 -5.00000000e-01  1.34850010e-01
   2.12640864e-01  2.16836735e-02]
 [-5.00000000e-01 -5.00000000e-01 -5.00000000e-01  1.34850010e-01
   1.85704837e-01  2.16836735e-02]
 [-5.00000000e-01 -5.00000000e-01 -5.00000000e-01  1.34850010e-01
   1.52034804e-01  2.16836735e-02]
 [-5.00000000e-01 -5.00000000e-01 -5.00000000e-01  1.34850010e-01
   1.18364770e-01  2.16836735e-02]
 [-5.00000000e-01 -5.00000000e-01 -5.00000000e-01  1.41538973e-01
   9.14287432e-02 -4.78316327e-01]
 [-5.00000000e-01 -5.00000000e-01 -5.00000000e-01  1.44883455e-01
   7.45937264e-02 -4.78316327e-01]
 [-5.00000000e-01 -5.00000000e-01 -5.00000000e-01  1.58261381e-01
   8.46947365e-02 -4.78316327e-01]
 [-5.00000000e-01 -5.00000000e-01 -5.00000000e-01  2.98729609e-01
  -1.71197519e-01  2.16836735e-02]
 [ 5.00000000e-01 -5.00000000e-01 -5.00000000e-01 -5.61821719e-03
  -1.98133546e-01  2.16836735e-02]
 [-5.00000000e-01 -5.00000000e-01  5.00000000e-01 -1.89961436e-02
  -2.28436577e-01  2.16836735e-02]
 [-5.00000000e-01  5.00000000e-01 -5.00000000e-01  3.48896833e-01
  -2.31803580e-01  5.21683673e-01]
 [-5.00000000e-01  5.00000000e-01 -5.00000000e-01  3.48896833e-01
   2.07216725e-02  5.21683673e-01]
 [-5.00000000e-01 -5.00000000e-01 -5.00000000e-01  2.58595830e-01
  -2.97833780e-02  5.21683673e-01]
 [-5.00000000e-01 -5.00000000e-01 -5.00000000e-01  2.68629274e-01
  -3.31503814e-02  2.16836735e-02]
 [-5.00000000e-01 -5.00000000e-01 -5.00000000e-01  2.65284793e-01
  -4.66183948e-02  2.16836735e-02]
 [-5.00000000e-01 -5.00000000e-01 -5.00000000e-01  2.38528940e-01
  -7.69214251e-02  2.16836735e-02]
 [-5.00000000e-01 -5.00000000e-01 -5.00000000e-01  2.28495495e-01
  -1.03857452e-01  2.16836735e-02]
 [-5.00000000e-01 -5.00000000e-01  5.00000000e-01  2.11773087e-01
  -1.30793479e-01  2.16836735e-02]
 [-5.00000000e-01 -5.00000000e-01  5.00000000e-01  2.01739642e-01
  -1.67830516e-01  2.16836735e-02]
 [-5.00000000e-01  5.00000000e-01 -5.00000000e-01  1.91706198e-01
  -1.94766543e-01  2.16836735e-02]
 [-5.00000000e-01 -5.00000000e-01 -5.00000000e-01  1.85017234e-01
  -2.21702570e-01  2.16836735e-02]
 [-5.00000000e-01 -5.00000000e-01 -5.00000000e-01  1.71639308e-01
  -2.45271593e-01  5.21683673e-01]
 [-5.00000000e-01 -5.00000000e-01 -5.00000000e-01  4.69298171e-01
  -8.02884285e-02  5.21683673e-01]
 [-5.00000000e-01  5.00000000e-01 -5.00000000e-01  2.08428606e-01
   2.19374871e-01  2.16836735e-02]
 [-5.00000000e-01 -5.00000000e-01  5.00000000e-01 -8.96269879e-03
   1.95805848e-01  2.16836735e-02]
 [-5.00000000e-01 -5.00000000e-01 -5.00000000e-01  2.18462050e-01
  -2.64163746e-02  2.16836735e-02]
 [-5.00000000e-01 -5.00000000e-01 -5.00000000e-01  2.15117569e-01
   1.38566790e-01  2.16836735e-02]
 [-5.00000000e-01 -5.00000000e-01 -5.00000000e-01  2.01739642e-01
   1.08263760e-01 -4.78316327e-01]
 [-5.00000000e-01 -5.00000000e-01 -5.00000000e-01  2.01739642e-01
   1.04896757e-01 -4.78316327e-01]
 [-5.00000000e-01 -5.00000000e-01  5.00000000e-01  3.82341649e-01
  -2.11601560e-01  2.16836735e-02]
 [-5.00000000e-01  5.00000000e-01 -5.00000000e-01 -1.99598150e-01
  -2.31803580e-01  2.16836735e-02]
 [-5.00000000e-01 -5.00000000e-01 -5.00000000e-01 -3.53444304e-01
  -2.48638597e-01  2.16836735e-02]
 [-5.00000000e-01 -5.00000000e-01 -5.00000000e-01 -4.27022899e-01
  -3.36180684e-01  5.21683673e-01]
 [-5.00000000e-01 -5.00000000e-01 -5.00000000e-01  2.68629274e-01
   2.74556792e-02  5.21683673e-01]
 [-5.00000000e-01  5.00000000e-01 -5.00000000e-01  2.68629274e-01
   3.08226826e-02  2.16836735e-02]
 [-5.00000000e-01  5.00000000e-01 -5.00000000e-01  2.65284793e-01
  -9.58135780e-03  2.16836735e-02]
 [-5.00000000e-01  5.00000000e-01 -5.00000000e-01  2.61940311e-01
  -3.98843881e-02  2.16836735e-02]
 [-5.00000000e-01  5.00000000e-01 -5.00000000e-01  2.51906866e-01
  -7.35544218e-02  2.16836735e-02]
 [-5.00000000e-01  5.00000000e-01 -5.00000000e-01  2.45217903e-01
  -1.07224455e-01  2.16836735e-02]
 [-5.00000000e-01 -5.00000000e-01 -5.00000000e-01  2.41873422e-01
  -1.34160482e-01  2.16836735e-02]
 [-5.00000000e-01 -5.00000000e-01 -5.00000000e-01  2.41873422e-01
  -1.67830516e-01  2.16836735e-02]
 [-5.00000000e-01 -5.00000000e-01 -5.00000000e-01  2.38528940e-01
  -1.94766543e-01  2.16836735e-02]
 [-5.00000000e-01 -5.00000000e-01 -5.00000000e-01  2.38528940e-01
  -2.21702570e-01  5.21683673e-01]
 [-5.00000000e-01 -5.00000000e-01 -5.00000000e-01  2.41873422e-01
  -3.39547688e-01  5.21683673e-01]
 [-5.00000000e-01 -5.00000000e-01 -5.00000000e-01  2.28495495e-01
   2.93448945e-01  5.21683673e-01]
 [-5.00000000e-01 -5.00000000e-01 -5.00000000e-01  2.28495495e-01
   1.11630763e-01  2.16836735e-02]
 [-5.00000000e-01 -5.00000000e-01 -5.00000000e-01  2.25151014e-01
   2.76613928e-01  2.16836735e-02]
 [-5.00000000e-01  5.00000000e-01  5.00000000e-01 -3.16655006e-01
   2.42943895e-01  2.16836735e-02]
 [ 5.00000000e-01 -5.00000000e-01 -5.00000000e-01  2.05084124e-01
   2.09273861e-01  2.16836735e-02]
 [-5.00000000e-01 -5.00000000e-01 -5.00000000e-01  1.88361716e-01
   1.75603827e-01  2.16836735e-02]
 [-5.00000000e-01 -5.00000000e-01 -5.00000000e-01  1.71639308e-01
   1.48667800e-01 -4.78316327e-01]
 [-5.00000000e-01 -5.00000000e-01 -5.00000000e-01  1.61605863e-01
   1.21731774e-01 -4.78316327e-01]
 [-5.00000000e-01 -5.00000000e-01 -5.00000000e-01  1.64950345e-01
   1.14997767e-01 -4.78316327e-01]
 [-5.00000000e-01 -5.00000000e-01 -5.00000000e-01  3.45552351e-01
   1.41933794e-01  2.16836735e-02]
 [ 5.00000000e-01 -5.00000000e-01 -5.00000000e-01  5.12379701e-02
  -1.98133546e-01  2.16836735e-02]
 [-5.00000000e-01 -5.00000000e-01 -5.00000000e-01  3.78600437e-02
  -2.31803580e-01  2.16836735e-02]
 [-5.00000000e-01  5.00000000e-01 -5.00000000e-01 -4.90964781e-02
  -2.48638597e-01  5.21683673e-01]
 [-5.00000000e-01  5.00000000e-01 -5.00000000e-01  3.11710805e-02
   8.13277331e-02  5.21683673e-01]
 [-5.00000000e-01 -5.00000000e-01 -5.00000000e-01  2.58595830e-01
   5.77587095e-02  5.21683673e-01]
 [-5.00000000e-01 -5.00000000e-01  5.00000000e-01  2.15117569e-01
   5.10247028e-02  5.21683673e-01]
 [ 5.00000000e-01 -5.00000000e-01 -5.00000000e-01  2.82007201e-01
   3.17017969e-01  2.16836735e-02]
 [-5.00000000e-01 -5.00000000e-01 -5.00000000e-01 -7.58523309e-02
   2.93448945e-01  2.16836735e-02]
 [-5.00000000e-01 -5.00000000e-01 -5.00000000e-01 -6.24744045e-02
   2.59778912e-01  2.16836735e-02]
 [-5.00000000e-01 -5.00000000e-01 -5.00000000e-01 -2.53109856e-01
   2.36209888e-01  2.16836735e-02]
 [-5.00000000e-01 -5.00000000e-01 -5.00000000e-01 -5.57854413e-02
   2.09273861e-01  2.16836735e-02]
 [-5.00000000e-01 -5.00000000e-01 -5.00000000e-01 -4.90964781e-02
   1.75603827e-01  2.16836735e-02]
 [-5.00000000e-01 -5.00000000e-01 -5.00000000e-01 -2.90295884e-02
   1.45300797e-01  2.16836735e-02]
 [-5.00000000e-01 -5.00000000e-01  5.00000000e-01 -1.89961436e-02
   1.14997767e-01  2.16836735e-02]
 [-5.00000000e-01 -5.00000000e-01  5.00000000e-01 -5.61821719e-03
   8.46947365e-02  2.16836735e-02]
 [-5.00000000e-01 -5.00000000e-01 -5.00000000e-01  1.11041908e-02
   5.43917062e-02  2.16836735e-02]
 [-5.00000000e-01 -5.00000000e-01 -5.00000000e-01  2.44821173e-02
   2.74556792e-02  2.16836735e-02]
 [-5.00000000e-01 -5.00000000e-01 -5.00000000e-01  3.45155621e-02
   1.06206624e-02 -4.78316327e-01]
 [-5.00000000e-01 -5.00000000e-01 -5.00000000e-01  1.85017234e-01
  -8.70224352e-02 -4.78316327e-01]
 [-5.00000000e-01 -5.00000000e-01 -5.00000000e-01 -6.24744045e-02
  -1.13958462e-01  2.16836735e-02]
 [-5.00000000e-01 -5.00000000e-01 -5.00000000e-01 -7.58523309e-02
  -1.40894489e-01  2.16836735e-02]
 [-5.00000000e-01 -5.00000000e-01 -5.00000000e-01 -8.25412941e-02
  -1.71197519e-01  2.16836735e-02]
 [-5.00000000e-01 -5.00000000e-01 -5.00000000e-01 -8.25412941e-02
  -2.04867553e-01 -4.78316327e-01]
 [-5.00000000e-01 -5.00000000e-01 -5.00000000e-01 -9.25747389e-02
  -2.01500550e-01 -4.78316327e-01]
 [-5.00000000e-01  5.00000000e-01 -5.00000000e-01 -8.58857757e-02
   1.28465780e-01 -4.78316327e-01]
 [-5.00000000e-01  5.00000000e-01 -5.00000000e-01 -2.66487782e-01
   6.44927163e-02 -4.78316327e-01]
 [-5.00000000e-01 -5.00000000e-01 -5.00000000e-01 -2.73176746e-01
   6.11257129e-02 -4.78316327e-01]
 [-5.00000000e-01 -5.00000000e-01 -5.00000000e-01  9.13717494e-02
   7.12267230e-02  2.16836735e-02]
 [-5.00000000e-01 -5.00000000e-01 -5.00000000e-01  3.45155621e-02
   5.77587095e-02  2.16836735e-02]
 [-5.00000000e-01 -5.00000000e-01 -5.00000000e-01 -4.27022899e-01
   2.07216725e-02  2.16836735e-02]
 [-5.00000000e-01 -5.00000000e-01 -5.00000000e-01 -4.13644973e-01
  -2.84735106e-03  5.21683673e-01]
 [-5.00000000e-01 -5.00000000e-01 -5.00000000e-01 -1.72842297e-01
  -3.65173847e-02  5.21683673e-01]
 [-5.00000000e-01 -5.00000000e-01 -5.00000000e-01 -2.79865709e-01
  -5.33524016e-02  5.21683673e-01]
 [-5.00000000e-01 -5.00000000e-01 -5.00000000e-01 -1.69497816e-01
  -2.18335567e-01  2.16836735e-02]
 [-5.00000000e-01 -5.00000000e-01 -5.00000000e-01 -1.79531261e-01
  -2.35170583e-01  2.16836735e-02]
 [-5.00000000e-01 -5.00000000e-01 -5.00000000e-01 -1.89564705e-01
  -1.03857452e-01  2.16836735e-02]
 [-5.00000000e-01 -5.00000000e-01 -5.00000000e-01 -1.99598150e-01
  -1.34160482e-01  2.16836735e-02]
 [-5.00000000e-01 -5.00000000e-01 -5.00000000e-01 -2.12976077e-01
  -1.61096509e-01  2.16836735e-02]
 [-5.00000000e-01 -5.00000000e-01  5.00000000e-01 -2.26354003e-01
  -1.88032536e-01  2.16836735e-02]
 [-5.00000000e-01 -5.00000000e-01 -5.00000000e-01 -2.36387448e-01
  -2.11601560e-01  5.21683673e-01]
 [-5.00000000e-01 -5.00000000e-01 -5.00000000e-01 -1.96253669e-01
  -2.18335567e-01  5.21683673e-01]
 [-5.00000000e-01 -5.00000000e-01 -5.00000000e-01  2.28495495e-01
  -1.98133546e-01  5.21683673e-01]
 [-5.00000000e-01 -5.00000000e-01 -5.00000000e-01  2.25151014e-01
  -2.01500550e-01  5.21683673e-01]
 [-5.00000000e-01 -5.00000000e-01 -5.00000000e-01  4.59264726e-01
  -2.97833780e-02  5.21683673e-01]
 [-5.00000000e-01 -5.00000000e-01  5.00000000e-01 -4.03611528e-01
  -2.64163746e-02  2.16836735e-02]
 [-5.00000000e-01 -5.00000000e-01  5.00000000e-01  1.74983790e-01
  -5.33524016e-02  2.16836735e-02]
 [-5.00000000e-01 -5.00000000e-01  5.00000000e-01  1.91706198e-01
  -6.34534117e-02  2.16836735e-02]
 [-5.00000000e-01 -5.00000000e-01  5.00000000e-01  1.68294826e-01
  -1.10591459e-01  2.16836735e-02]
 [-5.00000000e-01 -5.00000000e-01  5.00000000e-01  2.11773087e-01
  -1.20692469e-01  2.16836735e-02]
 [-5.00000000e-01 -5.00000000e-01 -5.00000000e-01  2.31839977e-01
  -1.61096509e-01  2.16836735e-02]
 [-5.00000000e-01 -5.00000000e-01 -5.00000000e-01  2.38528940e-01
  -2.14968563e-01  2.16836735e-02]
 [-5.00000000e-01  5.00000000e-01 -5.00000000e-01  2.58595830e-01
  -2.41904590e-01  2.16836735e-02]
 [-5.00000000e-01 -5.00000000e-01 -5.00000000e-01  2.25151014e-01
  -6.34534117e-02  5.21683673e-01]
 [-5.00000000e-01  5.00000000e-01 -5.00000000e-01  2.71973756e-01
   3.75566893e-02  5.21683673e-01]
 [-5.00000000e-01 -5.00000000e-01 -5.00000000e-01  3.38863388e-01
   5.77587095e-02  2.16836735e-02]
 [-5.00000000e-01 -5.00000000e-01  5.00000000e-01  3.11710805e-02
   3.41896860e-02  2.16836735e-02]
 [-5.00000000e-01 -5.00000000e-01 -5.00000000e-01  3.65619241e-01
   1.39876658e-02  2.16836735e-02]
 [ 5.00000000e-01 -5.00000000e-01 -5.00000000e-01  2.41873422e-01
  -1.63153645e-02  2.16836735e-02]
 [ 5.00000000e-01 -5.00000000e-01 -5.00000000e-01  3.55585796e-01
  -2.97833780e-02  2.16836735e-02]
 [ 5.00000000e-01 -5.00000000e-01 -5.00000000e-01  3.52241315e-01
  -6.00864083e-02  2.16836735e-02]
 [ 5.00000000e-01 -5.00000000e-01 -5.00000000e-01  3.52241315e-01
  -9.03894386e-02  2.16836735e-02]
 [ 5.00000000e-01 -5.00000000e-01 -5.00000000e-01  3.58930278e-01
  -1.20692469e-01  2.16836735e-02]
 [-5.00000000e-01 -5.00000000e-01 -5.00000000e-01  1.44883455e-01
  -1.47628496e-01  2.16836735e-02]
 [-5.00000000e-01 -5.00000000e-01  5.00000000e-01  1.31505529e-01
  -1.74564523e-01  2.16836735e-02]
 [-5.00000000e-01 -5.00000000e-01 -5.00000000e-01  1.21472084e-01
  -2.28436577e-01  2.16836735e-02]
 [-5.00000000e-01 -5.00000000e-01 -5.00000000e-01 -1.19330592e-01
  -2.35170583e-01  5.21683673e-01]
 [-5.00000000e-01  5.00000000e-01 -5.00000000e-01  2.51906866e-01
   1.41933794e-01  5.21683673e-01]
 [-5.00000000e-01 -5.00000000e-01 -5.00000000e-01  2.48562385e-01
   1.28465780e-01  2.16836735e-02]
 [-5.00000000e-01 -5.00000000e-01  5.00000000e-01  2.45217903e-01
   1.01529753e-01  2.16836735e-02]
 [-5.00000000e-01 -5.00000000e-01  5.00000000e-01  2.38528940e-01
   6.78597196e-02  2.16836735e-02]
 [-5.00000000e-01 -5.00000000e-01 -5.00000000e-01  2.35184458e-01
   3.41896860e-02  2.16836735e-02]
 [-5.00000000e-01 -5.00000000e-01 -5.00000000e-01  2.38528940e-01
   5.19652305e-04  2.16836735e-02]
 [-5.00000000e-01 -5.00000000e-01 -5.00000000e-01  2.38528940e-01
  -2.97833780e-02  2.16836735e-02]
 [-5.00000000e-01 -5.00000000e-01 -5.00000000e-01  2.41873422e-01
  -5.67194049e-02  2.16836735e-02]
 [-5.00000000e-01 -5.00000000e-01 -5.00000000e-01  2.35184458e-01
  -8.70224352e-02  2.16836735e-02]
 [-5.00000000e-01  5.00000000e-01 -5.00000000e-01  2.41873422e-01
  -1.20692469e-01  2.16836735e-02]
 [-5.00000000e-01 -5.00000000e-01 -5.00000000e-01  2.58595830e-01
  -1.50995499e-01  2.16836735e-02]
 [-5.00000000e-01 -5.00000000e-01 -5.00000000e-01  2.45217903e-01
  -1.98133546e-01  5.21683673e-01]
 [-5.00000000e-01 -5.00000000e-01 -5.00000000e-01  4.96054024e-01
  -3.39547688e-01  5.21683673e-01]
 [-5.00000000e-01  5.00000000e-01 -5.00000000e-01 -4.03611528e-01
   2.96815949e-01  2.16836735e-02]
 [-5.00000000e-01  5.00000000e-01 -5.00000000e-01  1.88361716e-01
   2.73246925e-01  2.16836735e-02]
 [-5.00000000e-01 -5.00000000e-01 -5.00000000e-01  1.58261381e-01
   2.39576891e-01  2.16836735e-02]
 [-5.00000000e-01 -5.00000000e-01 -5.00000000e-01  2.01739642e-01
   2.09273861e-01  2.16836735e-02]
 [-5.00000000e-01 -5.00000000e-01 -5.00000000e-01  2.08428606e-01
   1.85704837e-01  2.16836735e-02]
 [-5.00000000e-01 -5.00000000e-01 -5.00000000e-01  2.21806532e-01
   1.52034804e-01  2.16836735e-02]
 [-5.00000000e-01 -5.00000000e-01 -5.00000000e-01  2.31839977e-01
   1.04896757e-01  2.16836735e-02]
 [-5.00000000e-01  5.00000000e-01 -5.00000000e-01 -6.24744045e-02
   6.78597196e-02  2.16836735e-02]
 [-5.00000000e-01  5.00000000e-01 -5.00000000e-01  2.51906866e-01
   6.44927163e-02  5.21683673e-01]
 [-5.00000000e-01 -5.00000000e-01 -5.00000000e-01  2.31839977e-01
   6.44927163e-02  5.21683673e-01]
 [-5.00000000e-01 -5.00000000e-01  5.00000000e-01  3.48896833e-01
   1.11630763e-01  2.16836735e-02]
 [-5.00000000e-01 -5.00000000e-01 -5.00000000e-01 -4.24075148e-02
   8.13277331e-02  2.16836735e-02]
 [ 5.00000000e-01 -5.00000000e-01 -5.00000000e-01  1.28161047e-01
   3.03549955e-01  2.16836735e-02]
 [-5.00000000e-01 -5.00000000e-01 -5.00000000e-01 -1.89961436e-02
   2.40886759e-02  2.16836735e-02]
 [-5.00000000e-01 -5.00000000e-01 -5.00000000e-01  4.41522763e-03
   3.40586992e-01  2.16836735e-02]
 [-5.00000000e-01 -5.00000000e-01 -5.00000000e-01  3.05418572e-01
  -2.84735106e-03  2.16836735e-02]
 [-5.00000000e-01 -5.00000000e-01 -5.00000000e-01  6.12714149e-02
  -2.64163746e-02  2.16836735e-02]
 [-5.00000000e-01 -5.00000000e-01 -5.00000000e-01  1.41538973e-01
  -4.99853982e-02  2.16836735e-02]
 [-5.00000000e-01 -5.00000000e-01 -5.00000000e-01  9.47162310e-02
   1.73546691e-02  5.21683673e-01]
 [-5.00000000e-01 -5.00000000e-01 -5.00000000e-01  1.01405194e-01
   1.28465780e-01  5.21683673e-01]
 [-5.00000000e-01 -5.00000000e-01 -5.00000000e-01  9.47162310e-02
   1.08263760e-01  5.21683673e-01]
 [-5.00000000e-01 -5.00000000e-01 -5.00000000e-01  1.04749676e-01
   1.08263760e-01  2.16836735e-02]
 [-5.00000000e-01 -5.00000000e-01 -5.00000000e-01  1.04749676e-01
   8.46947365e-02  2.16836735e-02]
 [-5.00000000e-01  5.00000000e-01 -5.00000000e-01  1.78328271e-01
   5.77587095e-02  2.16836735e-02]
 [-5.00000000e-01 -5.00000000e-01  5.00000000e-01  1.18127602e-01
   3.75566893e-02  2.16836735e-02]
 [-5.00000000e-01 -5.00000000e-01  5.00000000e-01  4.78934885e-02
   3.88665567e-03  2.16836735e-02]
 [-5.00000000e-01  5.00000000e-01 -5.00000000e-01  3.11710805e-02
  -2.64163746e-02  2.16836735e-02]
 [-5.00000000e-01 -5.00000000e-01 -5.00000000e-01  1.44486724e-02
  -4.66183948e-02  2.16836735e-02]
 [-5.00000000e-01 -5.00000000e-01 -5.00000000e-01  4.41522763e-03
  -8.02884285e-02  2.16836735e-02]
 [-5.00000000e-01 -5.00000000e-01 -5.00000000e-01 -8.96269879e-03
  -1.07224455e-01  5.21683673e-01]
 [-5.00000000e-01 -5.00000000e-01 -5.00000000e-01  1.77931541e-02
  -8.02884285e-02  5.21683673e-01]
 [-5.00000000e-01 -5.00000000e-01 -5.00000000e-01  3.78600437e-02
   2.07216725e-02  5.21683673e-01]
 [-5.00000000e-01 -5.00000000e-01 -5.00000000e-01  1.01405194e-01
   7.25365904e-03  5.21683673e-01]
 [-5.00000000e-01 -5.00000000e-01 -5.00000000e-01  1.21472084e-01
   5.77587095e-02  2.16836735e-02]
 [-5.00000000e-01 -5.00000000e-01 -5.00000000e-01 -1.56516620e-02
   1.48667800e-01  2.16836735e-02]
 [-5.00000000e-01 -5.00000000e-01 -5.00000000e-01 -8.96269879e-03
   1.21731774e-01  2.16836735e-02]
 [-5.00000000e-01  5.00000000e-01 -5.00000000e-01  4.41522763e-03
   1.01529753e-01  2.16836735e-02]
 [-5.00000000e-01  5.00000000e-01 -5.00000000e-01  4.41522763e-03
   1.82337834e-01  2.16836735e-02]
 [-5.00000000e-01 -5.00000000e-01 -5.00000000e-01  4.12045253e-02
  -2.97833780e-02  2.16836735e-02]
 [-5.00000000e-01 -5.00000000e-01 -5.00000000e-01  5.79269333e-02
  -3.31503814e-02  5.21683673e-01]
 [-5.00000000e-01 -5.00000000e-01 -5.00000000e-01  6.12714149e-02
   3.88665567e-03  5.21683673e-01]
 [-5.00000000e-01 -5.00000000e-01 -5.00000000e-01 -4.24075148e-02
  -6.21435443e-03  2.16836735e-02]
 [-5.00000000e-01 -5.00000000e-01 -5.00000000e-01  5.79269333e-02
  -3.31503814e-02  2.16836735e-02]
 [-5.00000000e-01 -5.00000000e-01 -5.00000000e-01  5.45824517e-02
  -6.00864083e-02  2.16836735e-02]
 [-5.00000000e-01 -5.00000000e-01 -5.00000000e-01  3.45155621e-02
  -8.70224352e-02  2.16836735e-02]
 [-5.00000000e-01 -5.00000000e-01 -5.00000000e-01  2.11376357e-02
  -1.10591459e-01  2.16836735e-02]
 [-5.00000000e-01 -5.00000000e-01 -5.00000000e-01 -1.23071804e-02
  -1.27426476e-01  5.21683673e-01]
 [-5.00000000e-01 -5.00000000e-01 -5.00000000e-01  2.98729609e-01
   5.43917062e-02  5.21683673e-01]
 [-5.00000000e-01 -5.00000000e-01 -5.00000000e-01  1.28161047e-01
   6.11257129e-02  5.21683673e-01]
 [-5.00000000e-01 -5.00000000e-01 -5.00000000e-01 -5.24409597e-02
   9.14287432e-02  2.16836735e-02]
 [-5.00000000e-01 -5.00000000e-01 -5.00000000e-01 -6.91633677e-02
   1.58768811e-01  2.16836735e-02]
 [-5.00000000e-01 -5.00000000e-01 -5.00000000e-01 -4.90964781e-02
   1.25098777e-01  2.16836735e-02]
 [-5.00000000e-01  5.00000000e-01 -5.00000000e-01 -3.90630332e-02
   9.81627499e-02  2.16836735e-02]
 [-5.00000000e-01 -5.00000000e-01 -5.00000000e-01 -2.23406252e-02
  -2.64163746e-02  2.16836735e-02]
 [-5.00000000e-01 -5.00000000e-01 -5.00000000e-01 -2.27373558e-03
  -6.34534117e-02  2.16836735e-02]
 [-5.00000000e-01 -5.00000000e-01  5.00000000e-01  1.44486724e-02
   2.74556792e-02  2.16836735e-02]
 [-5.00000000e-01 -5.00000000e-01 -5.00000000e-01  3.78600437e-02
  -6.21435443e-03  2.16836735e-02]
 [-5.00000000e-01 -5.00000000e-01 -5.00000000e-01  4.12045253e-02
  -2.97833780e-02  2.16836735e-02]
 [-5.00000000e-01 -5.00000000e-01 -5.00000000e-01  7.79938229e-02
  -5.33524016e-02  2.16836735e-02]
 [-5.00000000e-01 -5.00000000e-01 -5.00000000e-01  8.13383046e-02
  -2.21702570e-01  2.16836735e-02]
 [-5.00000000e-01 -5.00000000e-01 -5.00000000e-01  1.04749676e-01
  -8.36554319e-02  2.16836735e-02]
 [-5.00000000e-01 -5.00000000e-01 -5.00000000e-01  1.08094157e-01
  -1.13958462e-01  2.16836735e-02]
 [-5.00000000e-01 -5.00000000e-01 -5.00000000e-01 -3.90630332e-02
  -1.44261492e-01  2.16836735e-02]
 [ 5.00000000e-01  5.00000000e-01  5.00000000e-01  1.78328271e-01
  -9.03894386e-02  2.16836735e-02]
 [-5.00000000e-01 -5.00000000e-01 -5.00000000e-01 -4.57519965e-02
  -1.17325466e-01 -4.78316327e-01]
 [-5.00000000e-01 -5.00000000e-01 -5.00000000e-01 -2.56454338e-01
  -1.88032536e-01 -4.78316327e-01]
 [ 5.00000000e-01 -5.00000000e-01 -5.00000000e-01 -2.63143301e-01
  -1.91399540e-01 -4.78316327e-01]
 [-5.00000000e-01 -5.00000000e-01 -5.00000000e-01 -2.43076411e-01
  -4.99853982e-02 -4.78316327e-01]
 [-5.00000000e-01 -5.00000000e-01 -5.00000000e-01 -2.36387448e-01
   2.12640864e-01 -4.78316327e-01]
 [-5.00000000e-01 -5.00000000e-01 -5.00000000e-01 -2.56454338e-01
   2.02539854e-01 -4.78316327e-01]
 [-5.00000000e-01 -5.00000000e-01 -5.00000000e-01 -4.27022899e-01
   3.03549955e-01 -4.78316327e-01]
 [-5.00000000e-01 -5.00000000e-01 -5.00000000e-01  1.51572418e-01
   2.16007868e-01  2.16836735e-02]
 [-5.00000000e-01 -5.00000000e-01 -5.00000000e-01  1.48227937e-01
   1.85704837e-01  2.16836735e-02]
 [-5.00000000e-01 -5.00000000e-01 -5.00000000e-01  1.41538973e-01
   1.52034804e-01  2.16836735e-02]
 [-5.00000000e-01 -5.00000000e-01 -5.00000000e-01  1.41538973e-01
   1.21731774e-01  2.16836735e-02]
 [-5.00000000e-01 -5.00000000e-01 -5.00000000e-01  1.34850010e-01
   8.80617398e-02  2.16836735e-02]
 [-5.00000000e-01 -5.00000000e-01 -5.00000000e-01  1.38194492e-01
   5.43917062e-02  2.16836735e-02]
 [-5.00000000e-01 -5.00000000e-01 -5.00000000e-01  1.28161047e-01
  -2.21702570e-01  2.16836735e-02]
 [-5.00000000e-01 -5.00000000e-01 -5.00000000e-01  1.28161047e-01
  -9.58135780e-03  2.16836735e-02]
 [-5.00000000e-01 -5.00000000e-01 -5.00000000e-01  1.34850010e-01
  -3.98843881e-02  2.16836735e-02]
 [-5.00000000e-01 -5.00000000e-01 -5.00000000e-01  1.38194492e-01
  -7.01874184e-02  2.16836735e-02]
 [-5.00000000e-01 -5.00000000e-01 -5.00000000e-01  1.34850010e-01
  -9.71234453e-02  2.16836735e-02]
 [ 5.00000000e-01 -5.00000000e-01 -5.00000000e-01  1.34850010e-01
  -1.27426476e-01  2.16836735e-02]
 [-5.00000000e-01 -5.00000000e-01  5.00000000e-01  1.41538973e-01
  -1.57729506e-01  2.16836735e-02]
 [-5.00000000e-01 -5.00000000e-01 -5.00000000e-01  1.41538973e-01
  -1.84665533e-01 -4.78316327e-01]
 [-5.00000000e-01 -5.00000000e-01 -5.00000000e-01 -5.24409597e-02
  -1.81298530e-01 -4.78316327e-01]
 [-5.00000000e-01 -5.00000000e-01 -5.00000000e-01  2.05084124e-01
  -1.84665533e-01 -4.78316327e-01]
 [-5.00000000e-01 -5.00000000e-01 -5.00000000e-01 -2.49765374e-01
  -2.01500550e-01 -4.78316327e-01]
 [ 5.00000000e-01 -5.00000000e-01 -5.00000000e-01 -2.46420893e-01
  -1.81298530e-01 -4.78316327e-01]
 [-5.00000000e-01 -5.00000000e-01 -5.00000000e-01 -1.76186779e-01
   2.49677901e-01 -4.78316327e-01]
 [-5.00000000e-01 -5.00000000e-01  5.00000000e-01 -2.59798819e-01
   2.36209888e-01  2.16836735e-02]
 [-5.00000000e-01 -5.00000000e-01 -5.00000000e-01 -2.63143301e-01
   2.19374871e-01  2.16836735e-02]
 [-5.00000000e-01  5.00000000e-01 -5.00000000e-01 -2.56454338e-01
   1.92438844e-01  2.16836735e-02]
 [-5.00000000e-01 -5.00000000e-01 -5.00000000e-01 -2.53109856e-01
   1.62135814e-01  2.16836735e-02]
 [-5.00000000e-01 -5.00000000e-01 -5.00000000e-01 -2.43076411e-01
   1.35199787e-01  2.16836735e-02]
 [-5.00000000e-01 -5.00000000e-01 -5.00000000e-01 -2.39731930e-01
  -9.03894386e-02  2.16836735e-02]
 [-5.00000000e-01 -5.00000000e-01 -5.00000000e-01 -2.33042966e-01
   8.13277331e-02  2.16836735e-02]
 [-5.00000000e-01 -5.00000000e-01 -5.00000000e-01 -2.23009522e-01
  -1.61096509e-01  2.16836735e-02]
 [-5.00000000e-01 -5.00000000e-01 -5.00000000e-01 -2.12976077e-01
   2.07216725e-02  2.16836735e-02]
 [-5.00000000e-01 -5.00000000e-01 -5.00000000e-01 -1.92909187e-01
  -2.52005600e-01  2.16836735e-02]
 [-5.00000000e-01 -5.00000000e-01 -5.00000000e-01 -1.82875742e-01
  -3.65173847e-02  2.16836735e-02]
 [-5.00000000e-01 -5.00000000e-01 -5.00000000e-01 -1.86220224e-01
  -3.12611661e-01  2.16836735e-02]
 [-5.00000000e-01 -5.00000000e-01 -5.00000000e-01 -1.72842297e-01
  -9.37564420e-02  2.16836735e-02]
 [-5.00000000e-01 -5.00000000e-01 -5.00000000e-01 -1.52775408e-01
  -1.47628496e-01  2.16836735e-02]
 [-5.00000000e-01 -5.00000000e-01 -5.00000000e-01 -1.39397481e-01
  -1.71197519e-01  2.16836735e-02]
 [-5.00000000e-01 -5.00000000e-01 -5.00000000e-01 -1.26019555e-01
  -1.91399540e-01  2.16836735e-02]
 [-5.00000000e-01 -5.00000000e-01  5.00000000e-01 -1.09297147e-01
  -3.39547688e-01 -4.78316327e-01]
 [-5.00000000e-01 -5.00000000e-01  5.00000000e-01 -6.24744045e-02
  -2.68840617e-01 -4.78316327e-01]
 [-5.00000000e-01 -5.00000000e-01 -5.00000000e-01 -2.93243635e-01
   4.42906961e-02 -4.78316327e-01]
 [-5.00000000e-01 -5.00000000e-01 -5.00000000e-01 -2.76521227e-01
   4.76576994e-02 -4.78316327e-01]
 [-5.00000000e-01 -5.00000000e-01 -5.00000000e-01  2.11376357e-02
   2.63145915e-01  2.16836735e-02]
 [-5.00000000e-01 -5.00000000e-01 -5.00000000e-01 -2.90295884e-02
   2.36209888e-01  2.16836735e-02]
 [-5.00000000e-01 -5.00000000e-01 -5.00000000e-01  4.41522763e-03
   1.95805848e-01  2.16836735e-02]
 [-5.00000000e-01 -5.00000000e-01 -5.00000000e-01 -4.90964781e-02
   1.68869821e-01  2.16836735e-02]
 [-5.00000000e-01 -5.00000000e-01 -5.00000000e-01 -5.91299229e-02
   1.41933794e-01  2.16836735e-02]
 [-5.00000000e-01 -5.00000000e-01 -5.00000000e-01 -7.25078493e-02
   1.11630763e-01  2.16836735e-02]
 [-5.00000000e-01 -5.00000000e-01  5.00000000e-01 -7.91968125e-02
   8.13277331e-02  2.16836735e-02]
 [-5.00000000e-01 -5.00000000e-01 -5.00000000e-01 -9.25747389e-02
   5.10247028e-02  2.16836735e-02]
 [ 5.00000000e-01 -5.00000000e-01 -5.00000000e-01 -1.02608184e-01
   2.07216725e-02  2.16836735e-02]
 [-5.00000000e-01 -5.00000000e-01 -5.00000000e-01 -1.05952665e-01
  -9.58135780e-03  2.16836735e-02]
 [-5.00000000e-01 -5.00000000e-01 -5.00000000e-01 -1.12641629e-01
  -3.98843881e-02  2.16836735e-02]
 [-5.00000000e-01 -5.00000000e-01 -5.00000000e-01 -1.26019555e-01
  -6.34534117e-02  2.16836735e-02]
 [-5.00000000e-01 -5.00000000e-01 -5.00000000e-01 -1.29364037e-01
  -9.03894386e-02  2.16836735e-02]
 [-5.00000000e-01 -5.00000000e-01 -5.00000000e-01 -1.42741963e-01
  -1.20692469e-01  2.16836735e-02]
 [-5.00000000e-01 -5.00000000e-01 -5.00000000e-01 -1.46086445e-01
  -1.47628496e-01  2.16836735e-02]
 [-5.00000000e-01 -5.00000000e-01 -5.00000000e-01 -1.56119889e-01
  -1.77931526e-01 -4.78316327e-01]
 [-5.00000000e-01 -5.00000000e-01 -5.00000000e-01 -1.62808853e-01
  -2.04867553e-01 -4.78316327e-01]
 [-5.00000000e-01  5.00000000e-01 -5.00000000e-01 -1.56119889e-01
  -2.18335567e-01  2.16836735e-02]
 [-5.00000000e-01 -5.00000000e-01 -5.00000000e-01 -1.49430926e-01
  -2.35170583e-01  2.16836735e-02]
 [-5.00000000e-01 -5.00000000e-01 -5.00000000e-01 -1.46086445e-01
  -2.75574624e-01  2.16836735e-02]
 [-5.00000000e-01 -5.00000000e-01 -5.00000000e-01 -1.42741963e-01
  -3.02510651e-01  2.16836735e-02]
 [-5.00000000e-01 -5.00000000e-01 -5.00000000e-01 -1.32708518e-01
  -3.22712671e-01 -4.78316327e-01]
 [-5.00000000e-01  5.00000000e-01 -5.00000000e-01 -1.19330592e-01
  -3.15978664e-01 -4.78316327e-01]
 [-5.00000000e-01  5.00000000e-01 -5.00000000e-01 -1.26019555e-01
  -3.19345668e-01 -4.78316327e-01]
 [-5.00000000e-01  5.00000000e-01 -5.00000000e-01 -1.56119889e-01
  -2.68840617e-01 -4.78316327e-01]
 [-5.00000000e-01 -5.00000000e-01 -5.00000000e-01 -3.46755341e-01
  -1.77931526e-01 -4.78316327e-01]
 [-5.00000000e-01 -5.00000000e-01 -5.00000000e-01 -3.60133267e-01
   1.14997767e-01 -4.78316327e-01]
 [-5.00000000e-01 -5.00000000e-01  5.00000000e-01  9.80607126e-02
   3.57422009e-01 -4.78316327e-01]
 [-5.00000000e-01  5.00000000e-01  5.00000000e-01  6.46158965e-02
   3.37219989e-01  2.16836735e-02]
 [-5.00000000e-01 -5.00000000e-01 -5.00000000e-01  7.46493413e-02
   3.20384972e-01  2.16836735e-02]
 [ 5.00000000e-01 -5.00000000e-01 -5.00000000e-01  8.13383046e-02
   2.90081942e-01  2.16836735e-02]
 [-5.00000000e-01 -5.00000000e-01 -5.00000000e-01  8.46827862e-02
   2.69879922e-01  2.16836735e-02]
 [-5.00000000e-01 -5.00000000e-01 -5.00000000e-01  9.47162310e-02
   2.36209888e-01  2.16836735e-02]
 [-5.00000000e-01 -5.00000000e-01 -5.00000000e-01  1.01405194e-01
   2.05906858e-01  2.16836735e-02]
 [-5.00000000e-01 -5.00000000e-01 -5.00000000e-01  1.14783121e-01
   1.65502817e-01  2.16836735e-02]
 [-5.00000000e-01 -5.00000000e-01 -5.00000000e-01  1.21472084e-01
   1.38566790e-01  2.16836735e-02]
 [-5.00000000e-01 -5.00000000e-01 -5.00000000e-01  1.34850010e-01
   1.08263760e-01  2.16836735e-02]
 [-5.00000000e-01 -5.00000000e-01 -5.00000000e-01  1.51572418e-01
   7.45937264e-02  2.16836735e-02]
 [-5.00000000e-01 -5.00000000e-01 -5.00000000e-01 -1.36053000e-01
   5.43917062e-02  5.21683673e-01]
 [-5.00000000e-01 -5.00000000e-01 -5.00000000e-01  1.64950345e-01
   3.08226826e-02  5.21683673e-01]
 [-5.00000000e-01 -5.00000000e-01 -5.00000000e-01  1.78328271e-01
   4.09236927e-02  5.21683673e-01]
 [-5.00000000e-01 -5.00000000e-01 -5.00000000e-01 -3.90630332e-02
   2.49677901e-01  2.16836735e-02]
 [-5.00000000e-01 -5.00000000e-01 -5.00000000e-01 -3.90630332e-02
   2.05906858e-01  2.16836735e-02]
 [-5.00000000e-01 -5.00000000e-01 -5.00000000e-01 -1.89961436e-02
   4.42906961e-02  2.16836735e-02]
 [-5.00000000e-01 -5.00000000e-01 -5.00000000e-01 -1.23071804e-02
   1.48667800e-01  2.16836735e-02]
 [-5.00000000e-01  5.00000000e-01 -5.00000000e-01  1.44486724e-02
   1.21731774e-01  2.16836735e-02]
 [-5.00000000e-01  5.00000000e-01 -5.00000000e-01 -8.58857757e-02
   1.01529753e-01 -4.78316327e-01]
 [-5.00000000e-01 -5.00000000e-01 -5.00000000e-01  2.15117569e-01
  -3.98843881e-02 -4.78316327e-01]
 [-5.00000000e-01 -5.00000000e-01 -5.00000000e-01  2.78265989e-02
  -6.34534117e-02 -4.78316327e-01]
 [-5.00000000e-01 -5.00000000e-01 -5.00000000e-01  2.11376357e-02
  -8.02884285e-02 -4.78316327e-01]
 [-5.00000000e-01 -5.00000000e-01 -5.00000000e-01  4.12045253e-02
  -4.99853982e-02 -4.78316327e-01]
 [-5.00000000e-01 -5.00000000e-01 -5.00000000e-01 -1.32708518e-01
  -6.68204150e-02 -4.78316327e-01]
 [-5.00000000e-01 -5.00000000e-01 -5.00000000e-01 -1.32708518e-01
  -5.33524016e-02 -4.78316327e-01]
 [-5.00000000e-01 -5.00000000e-01 -5.00000000e-01 -1.46086445e-01
   1.11630763e-01  2.16836735e-02]
 [ 5.00000000e-01 -5.00000000e-01 -5.00000000e-01  3.11710805e-02
   8.46947365e-02  2.16836735e-02]
 [-5.00000000e-01 -5.00000000e-01 -5.00000000e-01  2.78265989e-02
   5.77587095e-02  2.16836735e-02]
 [-5.00000000e-01 -5.00000000e-01 -5.00000000e-01 -1.36053000e-01
   3.08226826e-02  2.16836735e-02]
 [-5.00000000e-01 -5.00000000e-01 -5.00000000e-01 -1.52775408e-01
  -2.84735106e-03 -4.78316327e-01]
 [-5.00000000e-01 -5.00000000e-01 -5.00000000e-01 -1.66153334e-01
  -2.30493713e-02 -4.78316327e-01]
 [-5.00000000e-01 -5.00000000e-01 -5.00000000e-01 -1.62808853e-01
  -2.30493713e-02 -4.78316327e-01]
 [-5.00000000e-01 -5.00000000e-01 -5.00000000e-01 -4.90964781e-02
   1.41933794e-01  2.16836735e-02]
 [-5.00000000e-01 -5.00000000e-01 -5.00000000e-01 -8.25412941e-02
   1.14997767e-01  2.16836735e-02]
 [ 5.00000000e-01 -5.00000000e-01 -5.00000000e-01 -9.25747389e-02
   8.80617398e-02  2.16836735e-02]
 [ 5.00000000e-01 -5.00000000e-01 -5.00000000e-01 -1.05952665e-01
   5.77587095e-02  2.16836735e-02]
 [-5.00000000e-01 -5.00000000e-01 -5.00000000e-01 -1.05952665e-01
   2.74556792e-02  2.16836735e-02]
 [-5.00000000e-01 -5.00000000e-01 -5.00000000e-01 -1.19330592e-01
  -2.84735106e-03  2.16836735e-02]
 [-5.00000000e-01 -5.00000000e-01 -5.00000000e-01 -1.36053000e-01
  -3.31503814e-02  2.16836735e-02]
 [-5.00000000e-01 -5.00000000e-01 -5.00000000e-01 -1.46086445e-01
  -6.34534117e-02  2.16836735e-02]
 [-5.00000000e-01 -5.00000000e-01 -5.00000000e-01 -1.52775408e-01
  -8.70224352e-02  2.16836735e-02]
 [-5.00000000e-01 -5.00000000e-01 -5.00000000e-01 -1.62808853e-01
  -1.17325466e-01 -4.78316327e-01]
 [-5.00000000e-01 -5.00000000e-01 -5.00000000e-01 -1.66153334e-01
  -1.30793479e-01 -4.78316327e-01]
 [-5.00000000e-01 -5.00000000e-01 -5.00000000e-01 -1.56119889e-01
  -1.27426476e-01 -4.78316327e-01]
 [-5.00000000e-01 -5.00000000e-01 -5.00000000e-01 -1.76186779e-01
   1.38566790e-01 -4.78316327e-01]
 [-5.00000000e-01 -5.00000000e-01 -5.00000000e-01 -1.96253669e-01
   1.14997767e-01  2.16836735e-02]
 [-5.00000000e-01 -5.00000000e-01 -5.00000000e-01 -1.96253669e-01
   8.80617398e-02  2.16836735e-02]
 [-5.00000000e-01 -5.00000000e-01 -5.00000000e-01 -1.92909187e-01
   5.77587095e-02  2.16836735e-02]
 [-5.00000000e-01 -5.00000000e-01 -5.00000000e-01 -1.89564705e-01
   3.08226826e-02  2.16836735e-02]
 [-5.00000000e-01 -5.00000000e-01 -5.00000000e-01 -1.92909187e-01
  -2.84735106e-03  2.16836735e-02]
 [-5.00000000e-01 -5.00000000e-01 -5.00000000e-01 -1.82875742e-01
  -3.31503814e-02  2.16836735e-02]
 [-5.00000000e-01 -5.00000000e-01 -5.00000000e-01 -1.82875742e-01
  -6.34534117e-02  2.16836735e-02]
 [-5.00000000e-01 -5.00000000e-01 -5.00000000e-01 -1.86220224e-01
  -9.03894386e-02  2.16836735e-02]
 [-5.00000000e-01 -5.00000000e-01 -5.00000000e-01 -1.79531261e-01
  -1.24059472e-01  2.16836735e-02]
 [-5.00000000e-01 -5.00000000e-01 -5.00000000e-01 -1.72842297e-01
  -1.44261492e-01 -4.78316327e-01]
 [-5.00000000e-01 -5.00000000e-01 -5.00000000e-01 -1.59464371e-01
  -1.50995499e-01 -4.78316327e-01]
 [-5.00000000e-01 -5.00000000e-01 -5.00000000e-01 -3.70166712e-01
   3.75566893e-02 -4.78316327e-01]
 [-5.00000000e-01 -5.00000000e-01 -5.00000000e-01 -2.19665040e-01
   1.14997767e-01 -4.78316327e-01]
 [-5.00000000e-01 -5.00000000e-01 -5.00000000e-01 -2.09631595e-01
   1.18364770e-01  2.16836735e-02]
 [-5.00000000e-01 -5.00000000e-01 -5.00000000e-01 -1.96253669e-01
   9.81627499e-02  2.16836735e-02]
 [-5.00000000e-01 -5.00000000e-01 -5.00000000e-01  4.25819910e-01
   6.78597196e-02  2.16836735e-02]
 [-5.00000000e-01 -5.00000000e-01 -5.00000000e-01  7.79938229e-02
   4.76576994e-02  2.16836735e-02]
 [ 5.00000000e-01 -5.00000000e-01 -5.00000000e-01 -6.24744045e-02
   2.07216725e-02  2.16836735e-02]
 [ 5.00000000e-01 -5.00000000e-01 -5.00000000e-01 -1.26019555e-01
   5.19652305e-04  2.16836735e-02]
 [ 5.00000000e-01 -5.00000000e-01 -5.00000000e-01  3.11710805e-02
  -2.97833780e-02  2.16836735e-02]
 [-5.00000000e-01 -5.00000000e-01 -5.00000000e-01 -8.25412941e-02
  -4.99853982e-02  2.16836735e-02]
 [-5.00000000e-01 -5.00000000e-01 -5.00000000e-01 -7.25078493e-02
  -3.98843881e-02  2.16836735e-02]
 [-5.00000000e-01 -5.00000000e-01 -5.00000000e-01 -5.57854413e-02
   3.88665567e-03 -4.78316327e-01]
 [-5.00000000e-01 -5.00000000e-01 -5.00000000e-01  1.44486724e-02
   4.76576994e-02 -4.78316327e-01]
 [-5.00000000e-01 -5.00000000e-01 -5.00000000e-01 -1.79531261e-01
   1.73546691e-02 -4.78316327e-01]
 [-5.00000000e-01 -5.00000000e-01 -5.00000000e-01 -1.76186779e-01
   1.39876658e-02  2.16836735e-02]
 [-5.00000000e-01 -5.00000000e-01 -5.00000000e-01  1.44486724e-02
   3.88665567e-03  2.16836735e-02]
 [-5.00000000e-01 -5.00000000e-01 -5.00000000e-01  3.11710805e-02
  -1.63153645e-02  2.16836735e-02]
 [-5.00000000e-01 -5.00000000e-01 -5.00000000e-01 -1.22675073e-01
  -3.65173847e-02  2.16836735e-02]
 [-5.00000000e-01 -5.00000000e-01 -5.00000000e-01  2.11376357e-02
  -6.68204150e-02  2.16836735e-02]
 [-5.00000000e-01 -5.00000000e-01 -5.00000000e-01 -8.92302573e-02
  -8.36554319e-02  2.16836735e-02]
 [-5.00000000e-01 -5.00000000e-01 -5.00000000e-01 -6.91633677e-02
  -6.00864083e-02  2.16836735e-02]
 [-5.00000000e-01 -5.00000000e-01 -5.00000000e-01 -8.96269879e-03
  -1.30793479e-01  2.16836735e-02]
 [-5.00000000e-01 -5.00000000e-01 -5.00000000e-01 -1.26019555e-01
   2.40886759e-02 -4.78316327e-01]
 [-5.00000000e-01 -5.00000000e-01 -5.00000000e-01 -2.29698485e-01
  -9.58135780e-03 -4.78316327e-01]
 [-5.00000000e-01 -5.00000000e-01 -5.00000000e-01 -2.43076411e-01
  -2.30493713e-02  2.16836735e-02]
 [-5.00000000e-01 -5.00000000e-01 -5.00000000e-01 -2.36387448e-01
  -3.98843881e-02  2.16836735e-02]
 [-5.00000000e-01 -5.00000000e-01 -5.00000000e-01 -2.29698485e-01
  -6.68204150e-02  2.16836735e-02]
 [-5.00000000e-01 -5.00000000e-01 -5.00000000e-01 -2.23009522e-01
  -9.37564420e-02  2.16836735e-02]
 [-5.00000000e-01 -5.00000000e-01 -5.00000000e-01 -2.12976077e-01
  -1.10591459e-01 -4.78316327e-01]
 [-5.00000000e-01 -5.00000000e-01 -5.00000000e-01 -2.29698485e-01
   2.56411908e-01 -4.78316327e-01]
 [-5.00000000e-01 -5.00000000e-01 -5.00000000e-01 -1.79531261e-01
   1.72236824e-01 -4.78316327e-01]
 [-5.00000000e-01 -5.00000000e-01 -5.00000000e-01 -1.82875742e-01
   1.58768811e-01  2.16836735e-02]
 [-5.00000000e-01 -5.00000000e-01 -5.00000000e-01 -1.79531261e-01
   1.35199787e-01  2.16836735e-02]
 [-5.00000000e-01 -5.00000000e-01 -5.00000000e-01 -1.76186779e-01
   1.01529753e-01  2.16836735e-02]
 [-5.00000000e-01 -5.00000000e-01 -5.00000000e-01 -1.62808853e-01
   7.12267230e-02  2.16836735e-02]
 [-5.00000000e-01 -5.00000000e-01 -5.00000000e-01 -1.56119889e-01
   4.09236927e-02  2.16836735e-02]
 [ 5.00000000e-01 -5.00000000e-01 -5.00000000e-01 -1.56119889e-01
   1.06206624e-02  2.16836735e-02]
 [-5.00000000e-01 -5.00000000e-01 -5.00000000e-01 -1.42741963e-01
  -2.30493713e-02  2.16836735e-02]
 [-5.00000000e-01 -5.00000000e-01 -5.00000000e-01 -1.36053000e-01
  -4.66183948e-02  2.16836735e-02]
 [-5.00000000e-01 -5.00000000e-01 -5.00000000e-01 -1.36053000e-01
  -7.35544218e-02  2.16836735e-02]
 [-5.00000000e-01 -5.00000000e-01 -5.00000000e-01 -1.22675073e-01
  -1.03857452e-01  2.16836735e-02]
 [-5.00000000e-01 -5.00000000e-01 -5.00000000e-01 -1.05952665e-01
  -1.34160482e-01  2.16836735e-02]
 [-5.00000000e-01 -5.00000000e-01 -5.00000000e-01 -1.02608184e-01
  -1.54362503e-01  2.16836735e-02]
 [-5.00000000e-01 -5.00000000e-01 -5.00000000e-01 -9.25747389e-02
  -1.77931526e-01 -4.78316327e-01]
 [-5.00000000e-01 -5.00000000e-01 -5.00000000e-01 -3.57185516e-02
   1.01529753e-01 -4.78316327e-01]
 [-5.00000000e-01 -5.00000000e-01 -5.00000000e-01  4.41522763e-03
   3.75566893e-02 -4.78316327e-01]
 [-5.00000000e-01 -5.00000000e-01 -5.00000000e-01 -2.56454338e-01
   3.75566893e-02 -4.78316327e-01]
 [-5.00000000e-01 -5.00000000e-01 -5.00000000e-01 -3.57185516e-02
   3.77624029e-01  2.16836735e-02]
 [-5.00000000e-01 -5.00000000e-01 -5.00000000e-01 -1.52775408e-01
   3.08226826e-02  2.16836735e-02]
 [-5.00000000e-01 -5.00000000e-01 -5.00000000e-01  4.41522763e-03
   2.07216725e-02  2.16836735e-02]
 [-5.00000000e-01 -5.00000000e-01 -5.00000000e-01 -8.96269879e-03
   2.39576891e-01  2.16836735e-02]
 [-5.00000000e-01 -5.00000000e-01 -5.00000000e-01 -2.27373558e-03
  -1.96823679e-02  2.16836735e-02]
 [-5.00000000e-01 -5.00000000e-01 -5.00000000e-01 -3.57185516e-02
  -4.66183948e-02  2.16836735e-02]
 [-5.00000000e-01 -5.00000000e-01 -5.00000000e-01 -2.27373558e-03
  -6.68204150e-02  2.16836735e-02]
 [-5.00000000e-01 -5.00000000e-01 -5.00000000e-01 -2.56851068e-02
   1.06206624e-02 -4.78316327e-01]
 [-5.00000000e-01 -5.00000000e-01 -5.00000000e-01 -1.66153334e-01
   5.43917062e-02 -4.78316327e-01]
 [-5.00000000e-01 -5.00000000e-01 -5.00000000e-01 -1.79531261e-01
   3.41896860e-02  2.16836735e-02]
 [-5.00000000e-01 -5.00000000e-01 -5.00000000e-01 -1.79531261e-01
  -1.94766543e-01  2.16836735e-02]
 [-5.00000000e-01 -5.00000000e-01 -5.00000000e-01 -1.79531261e-01
  -1.63153645e-02  2.16836735e-02]
 [-5.00000000e-01 -5.00000000e-01 -5.00000000e-01 -1.69497816e-01
  -3.09244657e-01  2.16836735e-02]
 [-5.00000000e-01 -5.00000000e-01 -5.00000000e-01 -1.69497816e-01
  -7.01874184e-02  2.16836735e-02]
 [-5.00000000e-01 -5.00000000e-01 -5.00000000e-01 -4.27022899e-01
  -1.00490449e-01  2.16836735e-02]
 [-5.00000000e-01 -5.00000000e-01 -5.00000000e-01 -1.46086445e-01
  -1.30793479e-01  2.16836735e-02]
 [-5.00000000e-01 -5.00000000e-01 -5.00000000e-01 -1.32708518e-01
  -1.57729506e-01  2.16836735e-02]
 [-5.00000000e-01 -5.00000000e-01 -5.00000000e-01 -1.76186779e-01
  -1.84665533e-01  2.16836735e-02]
 [-5.00000000e-01 -5.00000000e-01 -5.00000000e-01 -1.26019555e-01
  -2.01500550e-01 -4.78316327e-01]
 [-5.00000000e-01  5.00000000e-01 -5.00000000e-01 -5.57854413e-02
  -1.37527486e-01 -4.78316327e-01]
 [-5.00000000e-01 -5.00000000e-01 -5.00000000e-01 -2.66487782e-01
   8.13277331e-02 -4.78316327e-01]
 [-5.00000000e-01 -5.00000000e-01 -5.00000000e-01 -3.06621562e-01
   6.44927163e-02  2.16836735e-02]
 [-5.00000000e-01 -5.00000000e-01 -5.00000000e-01 -2.63143301e-01
   3.75566893e-02  2.16836735e-02]
 [-5.00000000e-01 -5.00000000e-01 -5.00000000e-01 -2.43076411e-01
   1.06206624e-02  2.16836735e-02]
 [-5.00000000e-01 -5.00000000e-01 -5.00000000e-01 -2.46420893e-01
  -1.63153645e-02  2.16836735e-02]
 [-5.00000000e-01 -5.00000000e-01 -5.00000000e-01 -2.36387448e-01
  -4.32513915e-02  2.16836735e-02]
 [-5.00000000e-01 -5.00000000e-01 -5.00000000e-01 -2.19665040e-01
  -7.01874184e-02  2.16836735e-02]
 [-5.00000000e-01 -5.00000000e-01 -5.00000000e-01 -2.12976077e-01
  -9.71234453e-02  2.16836735e-02]
 [-5.00000000e-01 -5.00000000e-01 -5.00000000e-01 -2.02942632e-01
  -1.20692469e-01  2.16836735e-02]
 [-5.00000000e-01 -5.00000000e-01 -5.00000000e-01 -1.89564705e-01
  -1.30793479e-01 -4.78316327e-01]
 [-5.00000000e-01 -5.00000000e-01 -5.00000000e-01 -9.59192205e-02
   1.78970831e-01 -4.78316327e-01]
 [-5.00000000e-01 -5.00000000e-01 -5.00000000e-01 -2.12976077e-01
   1.52034804e-01 -4.78316327e-01]
 [-5.00000000e-01 -5.00000000e-01 -5.00000000e-01 -2.16320558e-01
   1.41933794e-01  2.16836735e-02]
 [-5.00000000e-01 -5.00000000e-01 -5.00000000e-01 -2.06287114e-01
   1.14997767e-01  2.16836735e-02]
 [-5.00000000e-01 -5.00000000e-01 -5.00000000e-01 -1.96253669e-01
   8.80617398e-02  2.16836735e-02]
 [-5.00000000e-01 -5.00000000e-01 -5.00000000e-01 -1.86220224e-01
   6.78597196e-02  2.16836735e-02]
 [-5.00000000e-01 -5.00000000e-01 -5.00000000e-01 -1.72842297e-01
   3.75566893e-02  2.16836735e-02]
 [-5.00000000e-01 -5.00000000e-01 -5.00000000e-01 -1.62808853e-01
   3.88665567e-03  2.16836735e-02]
 [-5.00000000e-01 -5.00000000e-01 -5.00000000e-01 -1.49430926e-01
  -2.64163746e-02  2.16836735e-02]
 [-5.00000000e-01 -5.00000000e-01 -5.00000000e-01 -1.42741963e-01
  -4.99853982e-02  2.16836735e-02]
 [-5.00000000e-01 -5.00000000e-01 -5.00000000e-01 -1.96253669e-01
  -8.36554319e-02  2.16836735e-02]
 [-5.00000000e-01 -5.00000000e-01 -5.00000000e-01 -1.15986110e-01
  -1.03857452e-01  2.16836735e-02]
 [-5.00000000e-01 -5.00000000e-01 -5.00000000e-01 -9.92637021e-02
  -1.27426476e-01  2.16836735e-02]
 [-5.00000000e-01 -5.00000000e-01 -5.00000000e-01 -6.91633677e-02
  -1.57729506e-01  2.16836735e-02]
 [-5.00000000e-01 -5.00000000e-01 -5.00000000e-01 -7.58523309e-02
   6.57085309e-01  2.16836735e-02]
 [-5.00000000e-01  5.00000000e-01 -5.00000000e-01 -4.57519965e-02
   7.45937264e-02 -4.78316327e-01]
 [-5.00000000e-01 -5.00000000e-01  5.00000000e-01 -5.57854413e-02
   4.09236927e-02 -4.78316327e-01]
 [-5.00000000e-01 -5.00000000e-01  5.00000000e-01  2.71973756e-01
   5.19652305e-04 -4.78316327e-01]
 [-5.00000000e-01 -5.00000000e-01 -5.00000000e-01 -2.83210190e-01
  -1.29483612e-02 -4.78316327e-01]
 [-5.00000000e-01  5.00000000e-01 -5.00000000e-01  5.59599174e-01
  -6.21435443e-03  2.16836735e-02]
 [-5.00000000e-01 -5.00000000e-01 -5.00000000e-01 -3.90630332e-02
  -2.30493713e-02  2.16836735e-02]
 [-5.00000000e-01 -5.00000000e-01 -5.00000000e-01 -5.91299229e-02
  -4.66183948e-02  2.16836735e-02]
 [-5.00000000e-01 -5.00000000e-01 -5.00000000e-01 -2.19665040e-01
  -6.34534117e-02  2.16836735e-02]
 [-5.00000000e-01 -5.00000000e-01 -5.00000000e-01 -1.99598150e-01
   2.73246925e-01  2.16836735e-02]
 [-5.00000000e-01 -5.00000000e-01 -5.00000000e-01 -8.25412941e-02
   2.49677901e-01  2.16836735e-02]
 [-5.00000000e-01 -5.00000000e-01 -5.00000000e-01 -7.91968125e-02
   6.44927163e-02  2.16836735e-02]
 [-5.00000000e-01 -5.00000000e-01 -5.00000000e-01 -8.92302573e-02
   3.41896860e-02  2.16836735e-02]
 [-5.00000000e-01  5.00000000e-01 -5.00000000e-01 -7.58523309e-02
   1.48667800e-01  2.16836735e-02]
 [-5.00000000e-01 -5.00000000e-01 -5.00000000e-01 -7.58523309e-02
   1.21731774e-01  2.16836735e-02]
 [-5.00000000e-01 -5.00000000e-01  5.00000000e-01 -5.57854413e-02
  -5.33524016e-02 -4.78316327e-01]
 [-5.00000000e-01 -5.00000000e-01  5.00000000e-01 -2.79865709e-01
  -7.01874184e-02 -4.78316327e-01]
 [-5.00000000e-01 -5.00000000e-01 -5.00000000e-01 -2.89899154e-01
   3.75566893e-02 -4.78316327e-01]
 [-5.00000000e-01  5.00000000e-01 -5.00000000e-01 -2.86554672e-01
   2.74556792e-02 -4.78316327e-01]
 [-5.00000000e-01 -5.00000000e-01 -5.00000000e-01 -1.82875742e-01
   4.42906961e-02  2.16836735e-02]
 [-5.00000000e-01 -5.00000000e-01 -5.00000000e-01  4.41522763e-03
   1.39876658e-02  2.16836735e-02]
 [-5.00000000e-01 -5.00000000e-01 -5.00000000e-01  4.41522763e-03
   3.88665567e-03  2.16836735e-02]
 [-5.00000000e-01 -5.00000000e-01 -5.00000000e-01 -1.23071804e-02
  -9.58135780e-03  2.16836735e-02]
 [-5.00000000e-01 -5.00000000e-01 -5.00000000e-01 -2.56851068e-02
   2.74556792e-02  2.16836735e-02]
 [-5.00000000e-01 -5.00000000e-01 -5.00000000e-01 -2.90295884e-02
  -6.00864083e-02  2.16836735e-02]
 [-5.00000000e-01 -5.00000000e-01 -5.00000000e-01 -3.90630332e-02
  -7.35544218e-02  2.16836735e-02]
 [-5.00000000e-01 -5.00000000e-01 -5.00000000e-01 -1.39397481e-01
  -9.03894386e-02  2.16836735e-02]
 [-5.00000000e-01 -5.00000000e-01 -5.00000000e-01 -1.23071804e-02
   7.12267230e-02  2.16836735e-02]
 [-5.00000000e-01 -5.00000000e-01 -5.00000000e-01 -8.96269879e-03
   4.42906961e-02  2.16836735e-02]
 [-5.00000000e-01 -5.00000000e-01 -5.00000000e-01  1.44486724e-02
   2.07216725e-02  2.16836735e-02]
 [-5.00000000e-01 -5.00000000e-01 -5.00000000e-01  2.11376357e-02
  -9.58135780e-03  2.16836735e-02]
 [-5.00000000e-01  5.00000000e-01 -5.00000000e-01 -4.27022899e-01
  -1.96823679e-02  2.16836735e-02]
 [ 5.00000000e-01 -5.00000000e-01 -5.00000000e-01  7.46493413e-02
  -7.01874184e-02  2.16836735e-02]
 [-5.00000000e-01 -5.00000000e-01 -5.00000000e-01 -4.27022899e-01
  -1.00490449e-01  2.16836735e-02]
 [-5.00000000e-01 -5.00000000e-01 -5.00000000e-01 -4.27022899e-01
  -1.34160482e-01  2.16836735e-02]
 [-5.00000000e-01 -5.00000000e-01 -5.00000000e-01 -4.27022899e-01
  -1.50995499e-01  2.16836735e-02]
 [-5.00000000e-01 -5.00000000e-01 -5.00000000e-01 -3.73511194e-01
  -1.77931526e-01 -4.78316327e-01]
 [-5.00000000e-01 -5.00000000e-01 -5.00000000e-01 -3.63477749e-01
  -2.04867553e-01 -4.78316327e-01]
 [-5.00000000e-01 -5.00000000e-01 -5.00000000e-01 -3.56788786e-01
  -3.39547688e-01 -4.78316327e-01]
 [-5.00000000e-01 -5.00000000e-01 -5.00000000e-01 -2.33042966e-01
  -4.66183948e-02  2.16836735e-02]
 [-5.00000000e-01 -5.00000000e-01 -5.00000000e-01 -2.53109856e-01
  -5.33524016e-02  2.16836735e-02]
 [-5.00000000e-01 -5.00000000e-01 -5.00000000e-01 -2.63143301e-01
   3.00182952e-01  2.16836735e-02]
 [-5.00000000e-01 -5.00000000e-01 -5.00000000e-01 -2.79865709e-01
   2.66512918e-01  2.16836735e-02]
 [ 5.00000000e-01 -5.00000000e-01 -5.00000000e-01 -2.79865709e-01
   2.32842885e-01  2.16836735e-02]
 [ 5.00000000e-01 -5.00000000e-01 -5.00000000e-01 -2.96588117e-01
   2.02539854e-01  2.16836735e-02]
 [-5.00000000e-01 -5.00000000e-01 -5.00000000e-01 -2.79865709e-01
   1.75603827e-01  2.16836735e-02]
 [-5.00000000e-01 -5.00000000e-01 -5.00000000e-01 -3.09966043e-01
   1.41933794e-01  2.16836735e-02]
 [-5.00000000e-01 -5.00000000e-01 -5.00000000e-01 -3.19999488e-01
   1.14997767e-01 -4.78316327e-01]
 [-5.00000000e-01 -5.00000000e-01  5.00000000e-01 -3.23343970e-01
   9.47957466e-02 -4.78316327e-01]
 [-5.00000000e-01 -5.00000000e-01 -5.00000000e-01 -3.09966043e-01
   1.18364770e-01  2.16836735e-02]
 [-5.00000000e-01 -5.00000000e-01 -5.00000000e-01 -4.27022899e-01
   9.14287432e-02  2.16836735e-02]
 [-5.00000000e-01 -5.00000000e-01 -5.00000000e-01 -1.12641629e-01
   7.12267230e-02  2.16836735e-02]
 [-5.00000000e-01 -5.00000000e-01 -5.00000000e-01  4.45490069e-02
   4.09236927e-02  2.16836735e-02]
 [-5.00000000e-01 -5.00000000e-01 -5.00000000e-01  1.77931541e-02
   2.07216725e-02  2.16836735e-02]
 [-5.00000000e-01 -5.00000000e-01 -5.00000000e-01 -1.92909187e-01
  -2.84735106e-03  5.21683673e-01]
 [-5.00000000e-01 -5.00000000e-01 -5.00000000e-01 -2.12976077e-01
  -2.97833780e-02  5.21683673e-01]
 [-5.00000000e-01 -5.00000000e-01 -5.00000000e-01 -2.09631595e-01
  -3.98843881e-02  5.21683673e-01]
 [-5.00000000e-01 -5.00000000e-01 -5.00000000e-01  2.15117569e-01
  -3.65173847e-02  2.16836735e-02]
 [-5.00000000e-01 -5.00000000e-01 -5.00000000e-01  8.46827862e-02
  -5.67194049e-02  2.16836735e-02]
 [-5.00000000e-01 -5.00000000e-01 -5.00000000e-01 -2.02942632e-01
  -7.69214251e-02  2.16836735e-02]
 [-5.00000000e-01  5.00000000e-01  5.00000000e-01 -4.27022899e-01
  -1.17325466e-01  2.16836735e-02]
 [-5.00000000e-01 -5.00000000e-01 -5.00000000e-01 -4.27022899e-01
  -1.44261492e-01  2.16836735e-02]
 [-5.00000000e-01 -5.00000000e-01 -5.00000000e-01 -2.93243635e-01
  -1.67830516e-01  2.16836735e-02]
 [-5.00000000e-01 -5.00000000e-01 -5.00000000e-01 -4.27022899e-01
  -1.91399540e-01  2.16836735e-02]
 [-5.00000000e-01 -5.00000000e-01 -5.00000000e-01 -3.26688451e-01
  -2.25069573e-01  2.16836735e-02]
 [-5.00000000e-01 -5.00000000e-01 -5.00000000e-01 -3.36721896e-01
  -2.38537587e-01 -4.78316327e-01]
 [-5.00000000e-01 -5.00000000e-01 -5.00000000e-01 -3.50099823e-01
  -2.68840617e-01 -4.78316327e-01]
 [-5.00000000e-01 -5.00000000e-01 -5.00000000e-01 -3.50099823e-01
  -2.78941627e-01 -4.78316327e-01]
 [-5.00000000e-01 -5.00000000e-01 -5.00000000e-01 -3.03277080e-01
  -3.39547688e-01 -4.78316327e-01]
 [-5.00000000e-01 -5.00000000e-01 -5.00000000e-01 -3.36721896e-01
   3.20384972e-01 -4.78316327e-01]
 [-5.00000000e-01 -5.00000000e-01 -5.00000000e-01 -3.33377415e-01
  -1.30793479e-01  2.16836735e-02]
 [-5.00000000e-01 -5.00000000e-01 -5.00000000e-01 -3.23343970e-01
   3.00182952e-01  2.16836735e-02]
 [-5.00000000e-01 -5.00000000e-01 -5.00000000e-01 -4.27022899e-01
   5.66176218e-01  2.16836735e-02]
 [ 5.00000000e-01 -5.00000000e-01  5.00000000e-01  5.59599174e-01
   4.95469147e-01  2.16836735e-02]
 [-5.00000000e-01 -5.00000000e-01 -5.00000000e-01  5.72977101e-01
   2.86714939e-01  2.16836735e-02]
 [-5.00000000e-01 -5.00000000e-01 -5.00000000e-01 -2.36387448e-01
   1.68869821e-01  2.16836735e-02]
 [-5.00000000e-01 -5.00000000e-01 -5.00000000e-01 -4.27022899e-01
   1.48667800e-01  2.16836735e-02]
 [-5.00000000e-01 -5.00000000e-01 -5.00000000e-01 -1.96253669e-01
   9.81627499e-02  2.16836735e-02]
 [-5.00000000e-01 -5.00000000e-01 -5.00000000e-01  9.13717494e-02
   3.47320999e-01  2.16836735e-02]
 [-5.00000000e-01 -5.00000000e-01 -5.00000000e-01  9.13717494e-02
   6.78597196e-02  2.16836735e-02]
 [ 5.00000000e-01 -5.00000000e-01 -5.00000000e-01  7.46493413e-02
   5.10247028e-02  2.16836735e-02]
 [-5.00000000e-01 -5.00000000e-01 -5.00000000e-01  6.46158965e-02
   2.40886759e-02  2.16836735e-02]
 [-5.00000000e-01 -5.00000000e-01  5.00000000e-01 -2.56851068e-02
   7.25365904e-03  2.16836735e-02]
 [-5.00000000e-01 -5.00000000e-01 -5.00000000e-01  5.45824517e-02
   8.80617398e-02  2.16836735e-02]
 [-5.00000000e-01 -5.00000000e-01 -5.00000000e-01  5.12379701e-02
   4.76576994e-02  2.16836735e-02]
 [-5.00000000e-01 -5.00000000e-01 -5.00000000e-01 -3.23740700e-02
   4.42906961e-02  2.16836735e-02]
 [-5.00000000e-01 -5.00000000e-01 -5.00000000e-01  4.12045253e-02
  -5.67194049e-02  2.16836735e-02]
 [-5.00000000e-01 -5.00000000e-01 -5.00000000e-01  7.13048597e-02
   2.40886759e-02  2.16836735e-02]
 [-5.00000000e-01 -5.00000000e-01 -5.00000000e-01  8.46827862e-02
  -6.68204150e-02  2.16836735e-02]
 [-5.00000000e-01 -5.00000000e-01 -5.00000000e-01  1.08094157e-01
  -6.00864083e-02  2.16836735e-02]
 [-5.00000000e-01 -5.00000000e-01 -5.00000000e-01  1.21472084e-01
  -8.36554319e-02  2.16836735e-02]
 [-5.00000000e-01  5.00000000e-01 -5.00000000e-01  1.38194492e-01
  -1.10591459e-01  2.16836735e-02]
 [ 5.00000000e-01 -5.00000000e-01 -5.00000000e-01 -4.27022899e-01
  -1.27426476e-01  2.16836735e-02]
 [-5.00000000e-01 -5.00000000e-01 -5.00000000e-01 -4.27022899e-01
  -1.50995499e-01  2.16836735e-02]
 [-5.00000000e-01 -5.00000000e-01 -5.00000000e-01 -4.27022899e-01
  -1.84665533e-01 -4.78316327e-01]
 [-5.00000000e-01 -5.00000000e-01 -5.00000000e-01 -3.03277080e-01
  -2.14968563e-01 -4.78316327e-01]
 [-5.00000000e-01 -5.00000000e-01 -5.00000000e-01 -3.03277080e-01
  -2.25069573e-01 -4.78316327e-01]
 [-5.00000000e-01 -5.00000000e-01 -5.00000000e-01 -2.26354003e-01
   7.25365904e-03 -4.78316327e-01]
 [ 5.00000000e-01 -5.00000000e-01 -5.00000000e-01 -2.79865709e-01
   1.39876658e-02 -4.78316327e-01]
 [-5.00000000e-01 -5.00000000e-01 -5.00000000e-01 -2.83210190e-01
   2.86714939e-01 -4.78316327e-01]
 [-5.00000000e-01 -5.00000000e-01 -5.00000000e-01  2.31839977e-01
   2.63145915e-01 -4.78316327e-01]
 [-5.00000000e-01 -5.00000000e-01 -5.00000000e-01  2.28495495e-01
  -4.99853982e-02 -4.78316327e-01]
 [-5.00000000e-01 -5.00000000e-01 -5.00000000e-01  4.99398505e-01
  -2.45271593e-01 -4.78316327e-01]
 [-5.00000000e-01 -5.00000000e-01 -5.00000000e-01  2.08428606e-01
  -2.48638597e-01 -4.78316327e-01]
 [-5.00000000e-01 -5.00000000e-01 -5.00000000e-01  2.18462050e-01
  -2.45271593e-01 -4.78316327e-01]
 [-5.00000000e-01 -5.00000000e-01 -5.00000000e-01 -3.09966043e-01
  -2.35170583e-01 -4.78316327e-01]
 [-5.00000000e-01 -5.00000000e-01 -5.00000000e-01 -3.13310525e-01
  -2.31803580e-01 -4.78316327e-01]
 [-5.00000000e-01 -5.00000000e-01 -5.00000000e-01 -2.06287114e-01
  -1.29483612e-02 -4.78316327e-01]
 [-5.00000000e-01 -5.00000000e-01 -5.00000000e-01 -2.83210190e-01
   5.59442211e-01 -4.78316327e-01]
 [-5.00000000e-01 -5.00000000e-01 -5.00000000e-01 -2.90295884e-02
  -1.40894489e-01  2.16836735e-02]
 [-5.00000000e-01  5.00000000e-01 -5.00000000e-01  2.28495495e-01
   2.42943895e-01  2.16836735e-02]
 [-5.00000000e-01 -5.00000000e-01 -5.00000000e-01  2.28495495e-01
   2.12640864e-01  2.16836735e-02]
 [-5.00000000e-01 -5.00000000e-01  5.00000000e-01  2.28495495e-01
   1.75603827e-01  2.16836735e-02]
 [-5.00000000e-01 -5.00000000e-01  5.00000000e-01  2.21806532e-01
   1.45300797e-01  2.16836735e-02]
 [-5.00000000e-01 -5.00000000e-01 -5.00000000e-01  2.18462050e-01
   1.11630763e-01  2.16836735e-02]
 [-5.00000000e-01 -5.00000000e-01 -5.00000000e-01  2.18462050e-01
   8.13277331e-02  2.16836735e-02]
 [-5.00000000e-01 -5.00000000e-01 -5.00000000e-01  2.11773087e-01
   4.42906961e-02  2.16836735e-02]
 [-5.00000000e-01 -5.00000000e-01 -5.00000000e-01  2.15117569e-01
   1.73546691e-02  2.16836735e-02]
 [-5.00000000e-01 -5.00000000e-01  5.00000000e-01  2.11773087e-01
  -9.58135780e-03  2.16836735e-02]
 [-5.00000000e-01 -5.00000000e-01  5.00000000e-01  2.21806532e-01
  -4.32513915e-02  2.16836735e-02]
 [-5.00000000e-01 -5.00000000e-01  5.00000000e-01  2.18462050e-01
  -7.35544218e-02  2.16836735e-02]
 [-5.00000000e-01 -5.00000000e-01 -5.00000000e-01  2.18462050e-01
  -1.03857452e-01  2.16836735e-02]
 [-5.00000000e-01  5.00000000e-01 -5.00000000e-01  2.18462050e-01
  -1.34160482e-01  2.16836735e-02]
 [-5.00000000e-01 -5.00000000e-01 -5.00000000e-01  2.21806532e-01
  -1.67830516e-01  2.16836735e-02]
 [-5.00000000e-01 -5.00000000e-01 -5.00000000e-01  2.15117569e-01
  -1.91399540e-01  5.21683673e-01]
 [-5.00000000e-01 -5.00000000e-01 -5.00000000e-01  2.31839977e-01
  -1.94766543e-01  5.21683673e-01]
 [-5.00000000e-01 -5.00000000e-01 -5.00000000e-01  4.72642652e-01
   2.93448945e-01  5.21683673e-01]
 [-5.00000000e-01  5.00000000e-01 -5.00000000e-01  1.91706198e-01
   2.83347935e-01  5.21683673e-01]
 [-5.00000000e-01 -5.00000000e-01 -5.00000000e-01  2.25151014e-01
   5.29139181e-01  5.21683673e-01]
 [-5.00000000e-01 -5.00000000e-01 -5.00000000e-01 -3.13310525e-01
   2.39576891e-01  5.21683673e-01]
 [-5.00000000e-01 -5.00000000e-01 -5.00000000e-01 -2.26354003e-01
   2.83347935e-01  5.21683673e-01]
 [-5.00000000e-01 -5.00000000e-01 -5.00000000e-01 -2.66487782e-01
  -2.72207620e-01  5.21683673e-01]
 [-5.00000000e-01 -5.00000000e-01 -5.00000000e-01 -2.63143301e-01
  -2.65473614e-01  5.21683673e-01]
 [-5.00000000e-01 -5.00000000e-01 -5.00000000e-01  2.41873422e-01
  -2.14968563e-01  5.21683673e-01]
 [-5.00000000e-01 -5.00000000e-01 -5.00000000e-01  1.85017234e-01
  -2.21702570e-01  5.21683673e-01]
 [-5.00000000e-01 -5.00000000e-01 -5.00000000e-01  4.86020579e-01
   3.03549955e-01  5.21683673e-01]
 [-5.00000000e-01 -5.00000000e-01 -5.00000000e-01  1.95050679e-01
   2.79980932e-01  5.21683673e-01]
 [-5.00000000e-01 -5.00000000e-01 -5.00000000e-01 -4.27022899e-01
   2.42943895e-01  5.21683673e-01]
 [-5.00000000e-01 -5.00000000e-01 -5.00000000e-01 -4.13644973e-01
   2.66512918e-01  5.21683673e-01]
 [-5.00000000e-01 -5.00000000e-01 -5.00000000e-01 -2.69832264e-01
  -2.68840617e-01  5.21683673e-01]
 [-5.00000000e-01 -5.00000000e-01 -5.00000000e-01 -2.69832264e-01
  -2.72207620e-01  5.21683673e-01]
 [-5.00000000e-01 -5.00000000e-01 -5.00000000e-01  2.48562385e-01
  -2.14968563e-01  5.21683673e-01]
 [-5.00000000e-01 -5.00000000e-01 -5.00000000e-01  2.31839977e-01
  -2.25069573e-01  5.21683673e-01]
 [-5.00000000e-01 -5.00000000e-01 -5.00000000e-01  3.15452017e-01
   3.27118979e-01  5.21683673e-01]
 [-5.00000000e-01 -5.00000000e-01 -5.00000000e-01  2.01739642e-01
   1.48667800e-01  2.16836735e-02]
 [-5.00000000e-01  5.00000000e-01 -5.00000000e-01 -8.25412941e-02
   2.49677901e-01  2.16836735e-02]
 [-5.00000000e-01 -5.00000000e-01  5.00000000e-01 -7.58523309e-02
   2.19374871e-01  2.16836735e-02]
 [-5.00000000e-01 -5.00000000e-01  5.00000000e-01  2.15117569e-01
   1.89071841e-01  2.16836735e-02]
 [-5.00000000e-01 -5.00000000e-01 -5.00000000e-01  2.15117569e-01
   1.55401807e-01  2.16836735e-02]
 [-5.00000000e-01 -5.00000000e-01 -5.00000000e-01 -1.59464371e-01
   1.28465780e-01  2.16836735e-02]
 [-5.00000000e-01 -5.00000000e-01 -5.00000000e-01  2.21806532e-01
   9.47957466e-02  2.16836735e-02]
 [-5.00000000e-01 -5.00000000e-01 -5.00000000e-01  2.25151014e-01
   6.11257129e-02  2.16836735e-02]
 [-5.00000000e-01 -5.00000000e-01  5.00000000e-01  2.31839977e-01
   3.08226826e-02  2.16836735e-02]
 [-5.00000000e-01 -5.00000000e-01  5.00000000e-01  2.45217903e-01
   3.88665567e-03  2.16836735e-02]
 [-5.00000000e-01 -5.00000000e-01 -5.00000000e-01  2.45217903e-01
  -2.30493713e-02  5.21683673e-01]
 [-5.00000000e-01 -5.00000000e-01  5.00000000e-01  2.48562385e-01
  -3.98843881e-02  5.21683673e-01]
 [-5.00000000e-01 -5.00000000e-01 -5.00000000e-01  3.85686131e-01
  -1.29483612e-02  2.16836735e-02]
 [-5.00000000e-01 -5.00000000e-01 -5.00000000e-01  3.52241315e-01
  -2.30493713e-02  2.16836735e-02]
 [-5.00000000e-01 -5.00000000e-01 -5.00000000e-01  1.64950345e-01
   2.40886759e-02  2.16836735e-02]
 [-5.00000000e-01 -5.00000000e-01 -5.00000000e-01  3.62274759e-01
  -6.34534117e-02  2.16836735e-02]
 [-5.00000000e-01 -5.00000000e-01 -5.00000000e-01  3.62274759e-01
  -7.69214251e-02  2.16836735e-02]
 [-5.00000000e-01 -5.00000000e-01 -5.00000000e-01  3.55585796e-01
  -5.33524016e-02  2.16836735e-02]
 [-5.00000000e-01 -5.00000000e-01 -5.00000000e-01  1.41538973e-01
  -7.01874184e-02  2.16836735e-02]
 [-5.00000000e-01 -5.00000000e-01 -5.00000000e-01  1.68294826e-01
  -1.17325466e-01  2.16836735e-02]
 [-5.00000000e-01 -5.00000000e-01 -5.00000000e-01  3.62274759e-01
  -6.68204150e-02  2.16836735e-02]
 [ 5.00000000e-01 -5.00000000e-01 -5.00000000e-01  3.58930278e-01
  -1.98133546e-01  2.16836735e-02]
 [-5.00000000e-01 -5.00000000e-01  5.00000000e-01  3.78997167e-01
  -2.21702570e-01  2.16836735e-02]
 [-5.00000000e-01 -5.00000000e-01 -5.00000000e-01 -6.91633677e-02
  -2.38537587e-01  5.21683673e-01]
 [-5.00000000e-01 -5.00000000e-01 -5.00000000e-01  2.48562385e-01
   5.10247028e-02  5.21683673e-01]
 [-5.00000000e-01 -5.00000000e-01  5.00000000e-01  2.35184458e-01
   4.09236927e-02  5.21683673e-01]
 [-5.00000000e-01 -5.00000000e-01 -5.00000000e-01  1.81672753e-01
   6.11257129e-02  2.16836735e-02]
 [-5.00000000e-01 -5.00000000e-01 -5.00000000e-01  3.38863388e-01
   6.11257129e-02  2.16836735e-02]
 [-5.00000000e-01 -5.00000000e-01 -5.00000000e-01 -5.61821719e-03
   3.77624029e-01  2.16836735e-02]
 [-5.00000000e-01 -5.00000000e-01 -5.00000000e-01  3.15452017e-01
   1.06206624e-02  2.16836735e-02]
 [-5.00000000e-01 -5.00000000e-01 -5.00000000e-01  2.78265989e-02
   5.19652305e-04  2.16836735e-02]
 [-5.00000000e-01 -5.00000000e-01 -5.00000000e-01  4.45490069e-02
  -3.65173847e-02  2.16836735e-02]
 [-5.00000000e-01 -5.00000000e-01 -5.00000000e-01  1.98395161e-01
  -6.00864083e-02  2.16836735e-02]
 [-5.00000000e-01 -5.00000000e-01 -5.00000000e-01  3.12107535e-01
  -8.36554319e-02 -4.78316327e-01]
 [-5.00000000e-01 -5.00000000e-01 -5.00000000e-01  9.47162310e-02
  -1.13958462e-01 -4.78316327e-01]
 [-5.00000000e-01 -5.00000000e-01 -5.00000000e-01  9.13717494e-02
  -1.24059472e-01 -4.78316327e-01]
 [-5.00000000e-01 -5.00000000e-01 -5.00000000e-01  1.18127602e-01
  -1.07224455e-01 -4.78316327e-01]
 [-5.00000000e-01 -5.00000000e-01 -5.00000000e-01 -1.69497816e-01
  -1.24059472e-01 -4.78316327e-01]
 [-5.00000000e-01 -5.00000000e-01 -5.00000000e-01 -1.72842297e-01
  -1.10591459e-01 -4.78316327e-01]
 [-5.00000000e-01 -5.00000000e-01 -5.00000000e-01 -6.58188861e-02
   1.52034804e-01 -4.78316327e-01]
 [-5.00000000e-01 -5.00000000e-01 -5.00000000e-01 -1.72842297e-01
   1.45300797e-01 -4.78316327e-01]
 [-5.00000000e-01 -5.00000000e-01 -5.00000000e-01  1.68294826e-01
   3.57422009e-01 -4.78316327e-01]
 [-5.00000000e-01 -5.00000000e-01 -5.00000000e-01  1.04749676e-01
   1.21731774e-01 -4.78316327e-01]
 [-5.00000000e-01 -5.00000000e-01 -5.00000000e-01  9.47162310e-02
   1.92438844e-01 -4.78316327e-01]
 [-5.00000000e-01 -5.00000000e-01 -5.00000000e-01  7.79938229e-02
  -1.17325466e-01 -4.78316327e-01]
 [-5.00000000e-01 -5.00000000e-01 -5.00000000e-01  7.13048597e-02
  -1.20692469e-01 -4.78316327e-01]
 [-5.00000000e-01 -5.00000000e-01 -5.00000000e-01  1.48227937e-01
  -6.00864083e-02  2.16836735e-02]
 [-5.00000000e-01 -5.00000000e-01 -5.00000000e-01 -1.66153334e-01
  -1.20692469e-01  2.16836735e-02]
 [-5.00000000e-01 -5.00000000e-01 -5.00000000e-01 -1.79531261e-01
  -1.44261492e-01  2.16836735e-02]
 [-5.00000000e-01  5.00000000e-01  5.00000000e-01 -1.89564705e-01
  -1.71197519e-01  2.16836735e-02]
 [-5.00000000e-01 -5.00000000e-01 -5.00000000e-01 -1.92909187e-01
  -1.98133546e-01  2.16836735e-02]
 [-5.00000000e-01 -5.00000000e-01 -5.00000000e-01 -2.12976077e-01
  -2.18335567e-01  5.21683673e-01]
 [-5.00000000e-01 -5.00000000e-01 -5.00000000e-01 -4.27022899e-01
  -2.21702570e-01  5.21683673e-01]
 [-5.00000000e-01 -5.00000000e-01 -5.00000000e-01 -5.57854413e-02
  -1.57729506e-01  5.21683673e-01]
 [-5.00000000e-01 -5.00000000e-01 -5.00000000e-01  2.18462050e-01
  -1.88032536e-01  5.21683673e-01]
 [-5.00000000e-01 -5.00000000e-01 -5.00000000e-01  4.49231281e-01
  -3.65173847e-02  5.21683673e-01]
 [-5.00000000e-01  5.00000000e-01 -5.00000000e-01  1.54916900e-01
   2.73246925e-01  5.21683673e-01]
 [-5.00000000e-01  5.00000000e-01  5.00000000e-01  1.61605863e-01
   2.86714939e-01  5.21683673e-01]
 [ 5.00000000e-01 -5.00000000e-01  5.00000000e-01 -2.99932598e-01
   2.12640864e-01  5.21683673e-01]
 [ 5.00000000e-01 -5.00000000e-01 -5.00000000e-01 -3.06621562e-01
   2.12640864e-01  5.21683673e-01]
 [-5.00000000e-01 -5.00000000e-01 -5.00000000e-01 -1.96253669e-01
  -3.39547688e-01  5.21683673e-01]
 [-5.00000000e-01 -5.00000000e-01 -5.00000000e-01 -2.36387448e-01
  -2.65473614e-01  5.21683673e-01]
 [-5.00000000e-01 -5.00000000e-01 -5.00000000e-01 -4.27022899e-01
  -1.88032536e-01  5.21683673e-01]
 [-5.00000000e-01 -5.00000000e-01 -5.00000000e-01  2.25151014e-01
  -1.88032536e-01  5.21683673e-01]
 [-5.00000000e-01 -5.00000000e-01 -5.00000000e-01  2.25151014e-01
  -1.77931526e-01  5.21683673e-01]
 [-5.00000000e-01 -5.00000000e-01 -5.00000000e-01  1.78328271e-01
  -2.21702570e-01  2.16836735e-02]
 [-5.00000000e-01 -5.00000000e-01 -5.00000000e-01  1.95050679e-01
  -4.32513915e-02  2.16836735e-02]
 [-5.00000000e-01 -5.00000000e-01 -5.00000000e-01  2.21806532e-01
   2.42943895e-01  2.16836735e-02]
 [-5.00000000e-01 -5.00000000e-01 -5.00000000e-01  2.28495495e-01
  -9.37564420e-02  5.21683673e-01]
 [-5.00000000e-01  5.00000000e-01 -5.00000000e-01  2.28495495e-01
   5.77587095e-02  5.21683673e-01]
 [-5.00000000e-01  5.00000000e-01 -5.00000000e-01  2.48562385e-01
   2.02539854e-01  5.21683673e-01]
 [-5.00000000e-01  5.00000000e-01  5.00000000e-01 -4.27022899e-01
   2.73246925e-01  2.16836735e-02]
 [-5.00000000e-01 -5.00000000e-01 -5.00000000e-01 -4.13644973e-01
   4.34863087e-01  2.16836735e-02]
 [-5.00000000e-01 -5.00000000e-01 -5.00000000e-01  2.45217903e-01
   4.01193053e-01  2.16836735e-02]
 [-5.00000000e-01 -5.00000000e-01 -5.00000000e-01  2.11773087e-01
   3.67523019e-01  2.16836735e-02]
 [-5.00000000e-01 -5.00000000e-01 -5.00000000e-01  1.98395161e-01
   3.33852986e-01  2.16836735e-02]
 [-5.00000000e-01 -5.00000000e-01 -5.00000000e-01  2.05084124e-01
  -2.25069573e-01  2.16836735e-02]
 [-5.00000000e-01  5.00000000e-01 -5.00000000e-01  1.95050679e-01
  -2.58739607e-01  2.16836735e-02]
 [-5.00000000e-01 -5.00000000e-01  5.00000000e-01  1.85017234e-01
   1.11630763e-01  2.16836735e-02]
 [-5.00000000e-01 -5.00000000e-01  5.00000000e-01  4.45490069e-02
   2.74556792e-02  2.16836735e-02]
 [-5.00000000e-01 -5.00000000e-01  5.00000000e-01  2.78265989e-02
   7.79607297e-02  2.16836735e-02]
 [-5.00000000e-01  5.00000000e-01 -5.00000000e-01  1.81672753e-01
  -2.97833780e-02  2.16836735e-02]
 [-5.00000000e-01 -5.00000000e-01 -5.00000000e-01  6.12714149e-02
  -4.66183948e-02  2.16836735e-02]
 [-5.00000000e-01 -5.00000000e-01 -5.00000000e-01 -3.23740700e-02
  -7.01874184e-02  2.16836735e-02]
 [-5.00000000e-01 -5.00000000e-01 -5.00000000e-01 -4.57519965e-02
  -9.03894386e-02  2.16836735e-02]
 [-5.00000000e-01 -5.00000000e-01 -5.00000000e-01 -5.91299229e-02
  -8.02884285e-02  2.16836735e-02]
 [-5.00000000e-01 -5.00000000e-01 -5.00000000e-01  2.28495495e-01
  -1.47628496e-01  2.16836735e-02]
 [-5.00000000e-01 -5.00000000e-01 -5.00000000e-01  2.51906866e-01
  -1.74564523e-01  2.16836735e-02]
 [-5.00000000e-01  5.00000000e-01 -5.00000000e-01  2.65284793e-01
  -2.04867553e-01  2.16836735e-02]
 [-5.00000000e-01 -5.00000000e-01 -5.00000000e-01  1.48227937e-01
  -2.31803580e-01 -4.78316327e-01]
 [-5.00000000e-01 -5.00000000e-01 -5.00000000e-01 -1.69497816e-01
  -2.95776644e-01 -4.78316327e-01]
 [-5.00000000e-01 -5.00000000e-01 -5.00000000e-01 -1.36053000e-01
   1.68869821e-01 -4.78316327e-01]
 [-5.00000000e-01 -5.00000000e-01 -5.00000000e-01 -3.16655006e-01
   1.38566790e-01 -4.78316327e-01]
 [-5.00000000e-01 -5.00000000e-01 -5.00000000e-01 -3.26688451e-01
   1.45300797e-01 -4.78316327e-01]
 [-5.00000000e-01 -5.00000000e-01  5.00000000e-01  1.28161047e-01
   1.85704837e-01 -4.78316327e-01]
 [-5.00000000e-01 -5.00000000e-01  5.00000000e-01  9.80607126e-02
   3.13650965e-01 -4.78316327e-01]
 [-5.00000000e-01  5.00000000e-01 -5.00000000e-01  3.78600437e-02
   5.19652305e-04 -4.78316327e-01]
 [-5.00000000e-01 -5.00000000e-01 -5.00000000e-01  2.71973756e-01
  -1.24059472e-01 -4.78316327e-01]
 [-5.00000000e-01 -5.00000000e-01 -5.00000000e-01  2.68629274e-01
  -1.30793479e-01 -4.78316327e-01]
 [-5.00000000e-01 -5.00000000e-01 -5.00000000e-01  3.42207870e-01
  -2.92409641e-01 -4.78316327e-01]
 [-5.00000000e-01 -5.00000000e-01 -5.00000000e-01 -1.79531261e-01
  -3.02510651e-01 -4.78316327e-01]
 [-5.00000000e-01 -5.00000000e-01 -5.00000000e-01 -1.69497816e-01
   6.60452312e-01 -4.78316327e-01]
 [-5.00000000e-01 -5.00000000e-01 -5.00000000e-01 -3.56788786e-01
   1.48667800e-01 -4.78316327e-01]
 [-5.00000000e-01 -5.00000000e-01 -5.00000000e-01 -3.60133267e-01
  -3.31503814e-02 -4.78316327e-01]
 [ 5.00000000e-01 -5.00000000e-01 -5.00000000e-01  1.44883455e-01
   3.37219989e-01  2.16836735e-02]
 [-5.00000000e-01 -5.00000000e-01  5.00000000e-01  9.47162310e-02
   1.62135814e-01  2.16836735e-02]
 [-5.00000000e-01 -5.00000000e-01 -5.00000000e-01  8.13383046e-02
   3.17017969e-01  2.16836735e-02]
 [-5.00000000e-01 -5.00000000e-01 -5.00000000e-01  9.13717494e-02
   2.79980932e-01  2.16836735e-02]
 [-5.00000000e-01 -5.00000000e-01 -5.00000000e-01  4.45490069e-02
   2.39576891e-01  2.16836735e-02]
 [-5.00000000e-01 -5.00000000e-01 -5.00000000e-01  4.12045253e-02
   2.09273861e-01  2.16836735e-02]
 [-5.00000000e-01 -5.00000000e-01 -5.00000000e-01  2.11376357e-02
   7.12267230e-02  2.16836735e-02]
 [-5.00000000e-01 -5.00000000e-01 -5.00000000e-01 -5.61821719e-03
   6.11257129e-02  2.16836735e-02]
 [ 5.00000000e-01 -5.00000000e-01 -5.00000000e-01 -3.90630332e-02
   4.76576994e-02  2.16836735e-02]
 [ 5.00000000e-01 -5.00000000e-01 -5.00000000e-01 -2.56851068e-02
   1.08263760e-01  5.21683673e-01]
 [ 5.00000000e-01 -5.00000000e-01 -5.00000000e-01 -3.23740700e-02
  -1.63153645e-02  5.21683673e-01]
 [-5.00000000e-01 -5.00000000e-01 -5.00000000e-01 -1.19330592e-01
  -9.37564420e-02  5.21683673e-01]
 [-5.00000000e-01 -5.00000000e-01 -5.00000000e-01  2.44821173e-02
  -6.68204150e-02  2.16836735e-02]
 [-5.00000000e-01 -5.00000000e-01 -5.00000000e-01  3.11710805e-02
  -4.66183948e-02  2.16836735e-02]
 [-5.00000000e-01 -5.00000000e-01 -5.00000000e-01  4.78934885e-02
  -8.70224352e-02  2.16836735e-02]
 [-5.00000000e-01 -5.00000000e-01 -5.00000000e-01  7.46493413e-02
  -8.70224352e-02  2.16836735e-02]
 [-5.00000000e-01 -5.00000000e-01 -5.00000000e-01  8.46827862e-02
  -1.37527486e-01  2.16836735e-02]
 [-5.00000000e-01 -5.00000000e-01 -5.00000000e-01  9.80607126e-02
  -1.77931526e-01  2.16836735e-02]
 [ 5.00000000e-01 -5.00000000e-01 -5.00000000e-01  1.18127602e-01
  -9.03894386e-02  2.16836735e-02]
 [-5.00000000e-01 -5.00000000e-01 -5.00000000e-01  1.48227937e-01
  -9.71234453e-02  2.16836735e-02]
 [-5.00000000e-01 -5.00000000e-01 -5.00000000e-01  1.51572418e-01
  -1.27426476e-01  2.16836735e-02]
 [-5.00000000e-01 -5.00000000e-01 -5.00000000e-01  1.71639308e-01
  -1.44261492e-01 -4.78316327e-01]
 [-5.00000000e-01 -5.00000000e-01 -5.00000000e-01 -4.27022899e-01
  -1.81298530e-01 -4.78316327e-01]
 [-5.00000000e-01 -5.00000000e-01 -5.00000000e-01 -3.56788786e-01
  -2.04867553e-01 -4.78316327e-01]
 [-5.00000000e-01 -5.00000000e-01 -5.00000000e-01 -3.56788786e-01
  -2.08234556e-01 -4.78316327e-01]
 [-5.00000000e-01 -5.00000000e-01 -5.00000000e-01 -2.39731930e-01
  -3.65173847e-02 -4.78316327e-01]
 [-5.00000000e-01 -5.00000000e-01 -5.00000000e-01 -2.63143301e-01
   3.23751976e-01 -4.78316327e-01]
 [-5.00000000e-01 -5.00000000e-01 -5.00000000e-01 -2.49765374e-01
   5.76277228e-01  2.16836735e-02]
 [-5.00000000e-01 -5.00000000e-01 -5.00000000e-01  2.98729609e-01
   5.52708204e-01  2.16836735e-02]
 [-5.00000000e-01  5.00000000e-01 -5.00000000e-01 -5.61821719e-03
   2.29475881e-01  2.16836735e-02]
 [-5.00000000e-01 -5.00000000e-01 -5.00000000e-01  2.71973756e-01
   4.92102144e-01  2.16836735e-02]
 [-5.00000000e-01 -5.00000000e-01 -5.00000000e-01  2.18462050e-01
   1.75603827e-01  2.16836735e-02]
 [-5.00000000e-01 -5.00000000e-01 -5.00000000e-01 -8.96269879e-03
   1.45300797e-01  2.16836735e-02]
 [-5.00000000e-01 -5.00000000e-01 -5.00000000e-01  2.35184458e-01
   1.31832784e-01  2.16836735e-02]
 [-5.00000000e-01 -5.00000000e-01 -5.00000000e-01  1.11041908e-02
   1.01529753e-01  2.16836735e-02]
 [-5.00000000e-01 -5.00000000e-01 -5.00000000e-01  2.25151014e-01
   8.46947365e-02  2.16836735e-02]
 [-5.00000000e-01 -5.00000000e-01 -5.00000000e-01  1.21472084e-01
   3.75566893e-02  2.16836735e-02]
 [-5.00000000e-01 -5.00000000e-01 -5.00000000e-01 -6.24744045e-02
   1.39876658e-02  2.16836735e-02]
 [-5.00000000e-01 -5.00000000e-01 -5.00000000e-01  8.46827862e-02
  -1.96823679e-02  2.16836735e-02]
 [-5.00000000e-01 -5.00000000e-01 -5.00000000e-01  6.12714149e-02
  -4.32513915e-02  2.16836735e-02]
 [-5.00000000e-01 -5.00000000e-01 -5.00000000e-01  5.45824517e-02
  -1.94766543e-01  2.16836735e-02]
 [-5.00000000e-01 -5.00000000e-01 -5.00000000e-01  3.45155621e-02
  -9.71234453e-02  2.16836735e-02]
 [-5.00000000e-01 -5.00000000e-01 -5.00000000e-01  1.77931541e-02
  -1.84665533e-01  2.16836735e-02]
 [-5.00000000e-01 -5.00000000e-01 -5.00000000e-01  4.41522763e-03
  -1.54362503e-01  2.16836735e-02]
 [-5.00000000e-01 -5.00000000e-01 -5.00000000e-01 -2.27373558e-03
  -2.72207620e-01  5.21683673e-01]
 [-5.00000000e-01 -5.00000000e-01 -5.00000000e-01  1.64950345e-01
   5.43917062e-02  5.21683673e-01]
 [-5.00000000e-01 -5.00000000e-01 -5.00000000e-01  1.71639308e-01
   3.08226826e-02  5.21683673e-01]
 [-5.00000000e-01 -5.00000000e-01 -5.00000000e-01  1.88361716e-01
   4.09236927e-02  5.21683673e-01]
 [-5.00000000e-01 -5.00000000e-01 -5.00000000e-01 -4.27022899e-01
  -6.68204150e-02  5.21683673e-01]
 [-5.00000000e-01 -5.00000000e-01 -5.00000000e-01 -6.24744045e-02
  -2.08234556e-01  2.16836735e-02]
 [-5.00000000e-01 -5.00000000e-01 -5.00000000e-01 -7.25078493e-02
   2.19374871e-01  2.16836735e-02]
 [-5.00000000e-01 -5.00000000e-01 -5.00000000e-01 -8.25412941e-02
   1.89071841e-01  2.16836735e-02]
 [-5.00000000e-01 -5.00000000e-01 -5.00000000e-01 -9.92637021e-02
   1.48667800e-01  2.16836735e-02]
 [-5.00000000e-01 -5.00000000e-01 -5.00000000e-01 -1.05952665e-01
   1.18364770e-01  2.16836735e-02]
 [ 5.00000000e-01 -5.00000000e-01 -5.00000000e-01 -1.12641629e-01
   8.80617398e-02  2.16836735e-02]
 [ 5.00000000e-01 -5.00000000e-01 -5.00000000e-01 -1.22675073e-01
   6.44927163e-02  2.16836735e-02]
 [-5.00000000e-01 -5.00000000e-01 -5.00000000e-01 -1.32708518e-01
   3.41896860e-02  2.16836735e-02]
 [-5.00000000e-01 -5.00000000e-01 -5.00000000e-01 -1.39397481e-01
   5.19652305e-04  2.16836735e-02]
 [-5.00000000e-01 -5.00000000e-01 -5.00000000e-01 -1.39397481e-01
  -2.64163746e-02  2.16836735e-02]
 [-5.00000000e-01 -5.00000000e-01 -5.00000000e-01 -1.52775408e-01
  -6.00864083e-02  2.16836735e-02]
 [-5.00000000e-01 -5.00000000e-01 -5.00000000e-01 -1.56119889e-01
  -4.32513915e-02  2.16836735e-02]]